000001.png (1356,2040,3)
000002.png (1356,2040,3)
000003.png (1356,2040,3)
000004.png (1200,1608,3)
000005.png (1356,2040,3)
000006.png (2040,1524,3)
000007.png (1344,2040,3)
000008.png (1524,2040,3)
000009.png (2040,1524,3)
000010.png (1524,2040,3)
000011.png (1356,2040,3)
000012.png (1356,2040,3)
000013.png (1524,2040,3)
000014.png (2028,1428,3)
000015.png (1356,2040,3)
000016.png (1584,2040,3)
000017.png (2040,2040,3)
000018.png (1356,2040,3)
000019.png (1356,2040,3)
000020.png (1356,2040,3)
000021.png (1356,2040,3)
000022.png (1356,2040,3)
000023.png (1356,2040,3)
000024.png (1200,1596,3)
000025.png (1356,2040,3)
000026.png (2040,1140,3)
000027.png (1200,1596,3)
000028.png (1356,2040,3)
000029.png (1356,2040,3)
000030.png (2040,1956,3)
000031.png (1356,2040,3)
000032.png (1344,2040,3)
000033.png (1272,1920,3)
000034.png (1356,2040,3)
000035.png (1524,2040,3)
000036.png (1356,2040,3)
000037.png (1356,2040,3)
000038.png (1356,2040,3)
000039.png (2040,1404,3)
000040.png (1356,2040,3)
000041.png (2040,1356,3)
000042.png (1020,1920,3)
000043.png (2040,2040,3)
000044.png (1356,2040,3)
000045.png (1344,2040,3)
000046.png (1080,1920,3)
000047.png (1344,2040,3)
000048.png (2040,2040,3)
000049.png (1620,2028,3)
000050.png (2028,1296,3)
000051.png (1284,2040,3)
000052.png (1152,1728,3)
000053.png (2040,1356,3)
000054.png (1356,2040,3)
000055.png (1344,2040,3)
000056.png (1308,2040,3)
000057.png (1320,2028,3)
000058.png (1368,2040,3)
000059.png (1524,2040,3)
000060.png (1344,2040,3)
000061.png (1356,2040,3)
000062.png (1524,2040,3)
000063.png (1524,2040,3)
000064.png (2040,1524,3)
000065.png (816,1584,3)
000066.png (1524,2040,3)
000067.png (1356,2040,3)
000068.png (1356,2040,3)
000069.png (1248,2040,3)
000070.png (1380,2040,3)
000071.png (1776,2028,3)
000072.png (2040,1356,3)
000073.png (1392,2040,3)
000074.png (1356,2040,3)
000075.png (1356,2040,3)
000076.png (1356,2028,3)
000077.png (1356,2040,3)
000078.png (1524,2040,3)
000079.png (1308,1968,3)
000080.png (1524,2040,3)
000081.png (1356,2040,3)
000082.png (1524,2040,3)
000083.png (1356,2040,3)
000084.png (1524,2040,3)
000085.png (1524,2040,3)
000086.png (1344,2040,3)
000087.png (1356,2040,3)
000088.png (1140,2040,3)
000089.png (1620,2040,3)
000090.png (1404,2040,3)
000091.png (2040,1356,3)
000092.png (1356,2040,3)
000093.png (2040,1356,3)
000094.png (2040,1356,3)
000095.png (1356,2040,3)
000096.png (2040,1308,3)
000097.png (1344,2040,3)
000098.png (2040,1356,3)
000099.png (2040,1356,3)
000100.png (1356,2040,3)
000101.png (1524,2040,3)
000102.png (1200,2040,3)
000103.png (1356,2040,3)
000104.png (1140,2040,3)
000105.png (1356,2040,3)
000106.png (1356,2040,3)
000107.png (1524,2040,3)
000108.png (1332,1992,3)
000109.png (1140,2040,3)
000110.png (1356,2040,3)
000111.png (1140,2040,3)
000112.png (1356,2040,3)
000113.png (1140,2040,3)
000114.png (2028,1344,3)
000115.png (2040,1356,3)
000116.png (2040,2040,3)
000117.png (1356,2040,3)
000118.png (1356,2040,3)
000119.png (1524,2040,3)
000120.png (1524,2040,3)
000121.png (2040,1392,3)
000122.png (1356,2028,3)
000123.png (1356,2040,3)
000124.png (1344,2040,3)
000125.png (1356,2040,3)
000126.png (1356,2040,3)
000127.png (1428,1872,3)
000128.png (1140,2040,3)
000129.png (1356,2040,3)
000130.png (1356,2040,3)
000131.png (1356,2040,3)
000132.png (1524,2040,3)
000133.png (1356,2040,3)
000134.png (2040,1272,3)
000135.png (1656,2028,3)
000136.png (1140,2040,3)
000137.png (1524,2040,3)
000138.png (1356,2040,3)
000139.png (1140,2040,3)
000140.png (1356,2040,3)
000141.png (2040,1140,3)
000142.png (1356,2040,3)
000143.png (1356,2040,3)
000144.png (1524,2040,3)
000145.png (1356,2040,3)
000146.png (1140,2040,3)
000147.png (2040,1524,3)
000148.png (1356,2040,3)
000149.png (2040,1452,3)
000150.png (1356,2040,3)
000151.png (1356,2040,3)
000152.png (1200,1692,3)
000153.png (1356,2040,3)
000154.png (1524,2040,3)
000155.png (1524,2040,3)
000156.png (1344,2040,3)
000157.png (1524,2040,3)
000158.png (1356,2040,3)
000159.png (1392,2040,3)
000160.png (1356,2040,3)
000161.png (1356,2040,3)
000162.png (2040,1344,3)
000163.png (1356,2040,3)
000164.png (1356,2040,3)
000165.png (1536,2040,3)
000166.png (1356,2040,3)
000167.png (1416,2040,3)
000168.png (1356,2040,3)
000169.png (2040,1296,3)
000170.png (1524,2040,3)
000171.png (1572,2040,3)
000172.png (1524,2040,3)
000173.png (2040,1524,3)
000174.png (2040,1344,3)
000175.png (1524,2040,3)
000176.png (1356,2040,3)
000177.png (2040,1524,3)
000178.png (1140,2040,3)
000179.png (1356,2040,3)
000180.png (1356,2040,3)
000181.png (1344,2028,3)
000182.png (1356,2040,3)
000183.png (1140,2040,3)
000184.png (1524,2040,3)
000185.png (2040,1224,3)
000186.png (1356,2040,3)
000187.png (1500,2040,3)
000188.png (2016,2040,3)
000189.png (1548,2040,3)
000190.png (1524,2040,3)
000191.png (2040,1764,3)
000192.png (1644,2040,3)
000193.png (1140,2040,3)
000194.png (1356,2040,3)
000195.png (1356,2040,3)
000196.png (1356,2040,3)
000197.png (1356,2040,3)
000198.png (1140,2040,3)
000199.png (2040,1356,3)
000200.png (1356,2040,3)
000201.png (1524,2040,3)
000202.png (1344,2040,3)
000203.png (1200,2040,3)
000204.png (1344,2040,3)
000205.png (1356,2040,3)
000206.png (1368,2040,3)
000207.png (1344,2040,3)
000208.png (1356,2040,3)
000209.png (1524,2028,3)
000210.png (1524,2040,3)
000211.png (1356,2040,3)
000212.png (1356,2040,3)
000213.png (1356,2040,3)
000214.png (1272,1920,3)
000215.png (1356,2040,3)
000216.png (1356,2028,3)
000217.png (1356,2040,3)
000218.png (1356,2040,3)
000219.png (1332,2040,3)
000220.png (1524,2040,3)
000221.png (2040,1452,3)
000222.png (2040,1632,3)
000223.png (1524,2040,3)
000224.png (1356,2028,3)
000225.png (1356,2040,3)
000226.png (1356,2040,3)
000227.png (1356,2040,3)
000228.png (1140,2040,3)
000229.png (2040,1356,3)
000230.png (1356,2040,3)
000231.png (1140,2040,3)
000232.png (1356,2028,3)
000233.png (1524,2040,3)
000234.png (1272,2040,3)
000235.png (1356,2040,3)
000236.png (1356,2040,3)
000237.png (1344,2040,3)
000238.png (1080,1920,3)
000239.png (1140,2040,3)
000240.png (1356,2040,3)
000241.png (1908,2040,3)
000242.png (1356,2028,3)
000243.png (1248,2028,3)
000244.png (2040,1392,3)
000245.png (1356,2040,3)
000246.png (1356,2040,3)
000247.png (1524,2040,3)
000248.png (1356,2040,3)
000249.png (1140,2040,3)
000250.png (1356,2040,3)
000251.png (2040,1524,3)
000252.png (1356,2040,3)
000253.png (1356,2040,3)
000254.png (2028,1344,3)
000255.png (1080,1596,3)
000256.png (1356,2040,3)
000257.png (1524,2040,3)
000258.png (1140,2040,3)
000259.png (1524,2040,3)
000260.png (2040,1356,3)
000261.png (1440,2040,3)
000262.png (1356,2040,3)
000263.png (1344,2040,3)
000264.png (1524,2040,3)
000265.png (2040,1524,3)
000266.png (1356,2040,3)
000267.png (1272,2028,3)
000268.png (1272,2040,3)
000269.png (2040,1140,3)
000270.png (1140,2040,3)
000271.png (1356,2040,3)
000272.png (1356,2040,3)
000273.png (1884,2040,3)
000274.png (1344,2040,3)
000275.png (1344,2040,3)
000276.png (1356,2040,3)
000277.png (1380,2028,3)
000278.png (2040,1464,3)
000279.png (1140,2040,3)
000280.png (1356,2040,3)
000281.png (1188,2040,3)
000282.png (1104,2040,3)
000283.png (1356,2040,3)
000284.png (2028,1668,3)
000285.png (1356,2040,3)
000286.png (1356,2040,3)
000287.png (1524,2040,3)
000288.png (1356,2040,3)
000289.png (1056,1596,3)
000290.png (1140,2040,3)
000291.png (1200,1920,3)
000292.png (2040,1656,3)
000293.png (1356,2040,3)
000294.png (2040,1356,3)
000295.png (1524,2040,3)
000296.png (1356,2040,3)
000297.png (1356,2040,3)
000298.png (1356,2040,3)
000299.png (1356,2040,3)
000300.png (1356,2040,3)
000301.png (1356,2040,3)
000302.png (1536,2040,3)
000303.png (1140,2040,3)
000304.png (1524,2040,3)
000305.png (1356,2040,3)
000306.png (1356,2040,3)
000307.png (1356,2040,3)
000308.png (1140,2040,3)
000309.png (2040,1896,3)
000310.png (1356,2040,3)
000311.png (1356,2040,3)
000312.png (2040,1524,3)
000313.png (1524,2040,3)
000314.png (1080,2040,3)
000315.png (2040,1356,3)
000316.png (1524,2040,3)
000317.png (1356,2040,3)
000318.png (1356,2040,3)
000319.png (1356,2040,3)
000320.png (1524,2040,3)
000321.png (1356,2040,3)
000322.png (1356,2040,3)
000323.png (1116,1800,3)
000324.png (2040,2040,3)
000325.png (1272,2040,3)
000326.png (1140,2040,3)
000327.png (1380,2040,3)
000328.png (1356,2040,3)
000329.png (900,1596,3)
000330.png (1524,2040,3)
000331.png (1200,1596,3)
000332.png (2040,1344,3)
000333.png (1356,2040,3)
000334.png (1356,2040,3)
000335.png (1356,2040,3)
000336.png (1356,2040,3)
000337.png (1356,2040,3)
000338.png (1524,2040,3)
000339.png (2040,1356,3)
000340.png (1356,2040,3)
000341.png (2040,2040,3)
000342.png (2040,1356,3)
000343.png (2040,1524,3)
000344.png (1356,2040,3)
000345.png (1356,2040,3)
000346.png (1068,2040,3)
000347.png (2028,1404,3)
000348.png (1356,2040,3)
000349.png (1356,2028,3)
000350.png (1080,1608,3)
000351.png (1140,2028,3)
000352.png (1140,2040,3)
000353.png (1356,2040,3)
000354.png (1056,1584,3)
000355.png (1308,2040,3)
000356.png (1356,2028,3)
000357.png (1344,2040,3)
000358.png (1524,2040,3)
000359.png (1356,2040,3)
000360.png (1356,2040,3)
000361.png (1356,2040,3)
000362.png (1812,2040,3)
000363.png (1524,2040,3)
000364.png (2040,1356,3)
000365.png (2040,1140,3)
000366.png (1392,2040,3)
000367.png (1356,2040,3)
000368.png (1140,2040,3)
000369.png (1800,1248,3)
000370.png (1104,2040,3)
000371.png (1200,1920,3)
000372.png (2028,1140,3)
000373.png (1404,2040,3)
000374.png (1272,2040,3)
000375.png (1356,2040,3)
000376.png (1356,2028,3)
000377.png (1356,2040,3)
000378.png (1596,1596,3)
000379.png (1524,2040,3)
000380.png (1128,2040,3)
000381.png (1524,2040,3)
000382.png (1524,2040,3)
000383.png (2040,1524,3)
000384.png (1524,2040,3)
000385.png (1356,2040,3)
000386.png (1176,1776,3)
000387.png (1356,2040,3)
000388.png (1524,2040,3)
000389.png (1668,2040,3)
000390.png (1356,2040,3)
000391.png (2040,1632,3)
000392.png (1356,2040,3)
000393.png (1140,2040,3)
000394.png (1356,2040,3)
000395.png (1356,2040,3)
000396.png (1044,2040,3)
000397.png (1524,2040,3)
000398.png (1344,2040,3)
000399.png (1356,2040,3)
000400.png (1356,2028,3)
000401.png (1512,2040,3)
000402.png (1584,2040,3)
000403.png (1140,2040,3)
000404.png (1596,1200,3)
000405.png (1524,2040,3)
000406.png (1140,2040,3)
000407.png (1356,2040,3)
000408.png (1356,2040,3)
000409.png (1356,2040,3)
000410.png (1356,2040,3)
000411.png (1356,2040,3)
000412.png (1392,2040,3)
000413.png (2040,1140,3)
000414.png (1092,2040,3)
000415.png (1524,2040,3)
000416.png (1080,1620,3)
000417.png (1404,2040,3)
000418.png (2040,1356,3)
000419.png (888,1596,3)
000420.png (2040,1524,3)
000421.png (1356,2040,3)
000422.png (1524,2040,3)
000423.png (1524,2040,3)
000424.png (1356,2040,3)
000425.png (2004,2040,3)
000426.png (2028,1356,3)
000427.png (1356,2040,3)
000428.png (1356,2040,3)
000429.png (1356,2040,3)
000430.png (2040,1356,3)
000431.png (1356,2040,3)
000432.png (1320,2040,3)
000433.png (1356,2040,3)
000434.png (1524,2040,3)
000435.png (1356,2040,3)
000436.png (1356,2040,3)
000437.png (2040,1356,3)
000438.png (1344,2040,3)
000439.png (1356,2040,3)
000440.png (2040,1164,3)
000441.png (1524,2040,3)
000442.png (1332,1992,3)
000443.png (1656,2040,3)
000444.png (1356,2040,3)
000445.png (1356,2040,3)
000446.png (1344,2040,3)
000447.png (2040,2040,3)
000448.png (1524,2040,3)
000449.png (2040,1632,3)
000450.png (1392,2040,3)
000451.png (1356,2040,3)
000452.png (1524,2040,3)
000453.png (1272,1920,3)
000454.png (1356,2040,3)
000455.png (1524,2040,3)
000456.png (1356,2040,3)
000457.png (1080,1920,3)
000458.png (1332,1992,3)
000459.png (2040,1356,3)
000460.png (1140,2040,3)
000461.png (1008,2028,3)
000462.png (1212,1824,3)
000463.png (2040,1344,3)
000464.png (1356,2040,3)
000465.png (1356,2040,3)
000466.png (1524,2040,3)
000467.png (2040,1356,3)
000468.png (1068,2040,3)
000469.png (2040,1440,3)
000470.png (1356,2040,3)
000471.png (1524,2040,3)
000472.png (1068,2040,3)
000473.png (1356,2040,3)
000474.png (1332,2040,3)
000475.png (1056,1596,3)
000476.png (1356,2040,3)
000477.png (1356,2028,3)
000478.png (1356,2040,3)
000479.png (1248,1992,3)
000480.png (1140,2028,3)
000481.png (1344,2040,3)
000482.png (1524,2040,3)
000483.png (1560,2040,3)
000484.png (1080,1920,3)
000485.png (2040,1356,3)
000486.png (1356,2040,3)
000487.png (2040,1356,3)
000488.png (1272,2040,3)
000489.png (1140,2040,3)
000490.png (1248,2040,3)
000491.png (1356,2040,3)
000492.png (1356,2040,3)
000493.png (1356,2040,3)
000494.png (1536,2028,3)
000495.png (1200,1800,3)
000496.png (1344,2040,3)
000497.png (1056,2040,3)
000498.png (1356,2040,3)
000499.png (1140,2040,3)
000500.png (2040,1440,3)
000501.png (1356,2040,3)
000502.png (1380,2028,3)
000503.png (1356,2040,3)
000504.png (1368,2040,3)
000505.png (1356,2040,3)
000506.png (1524,2040,3)
000507.png (2040,1380,3)
000508.png (1356,2040,3)
000509.png (2040,1524,3)
000510.png (1356,2040,3)
000511.png (1524,2040,3)
000512.png (1356,2040,3)
000513.png (1980,2040,3)
000514.png (1356,2040,3)
000515.png (1332,1992,3)
000516.png (1356,2040,3)
000517.png (1524,2040,3)
000518.png (2040,1524,3)
000519.png (1140,2040,3)
000520.png (1356,2040,3)
000521.png (1356,2040,3)
000522.png (1356,2040,3)
000523.png (1452,2040,3)
000524.png (1320,2040,3)
000525.png (1356,2028,3)
000526.png (2040,2040,3)
000527.png (1524,2040,3)
000528.png (2028,1356,3)
000529.png (1668,2040,3)
000530.png (1536,2040,3)
000531.png (1524,2040,3)
000532.png (1356,2040,3)
000533.png (1524,2040,3)
000534.png (1356,2040,3)
000535.png (1356,2040,3)
000536.png (1260,1872,3)
000537.png (1356,2040,3)
000538.png (1524,2040,3)
000539.png (1116,1680,3)
000540.png (1356,2040,3)
000541.png (1080,1920,3)
000542.png (1356,2040,3)
000543.png (1356,2040,3)
000544.png (1356,2040,3)
000545.png (1356,2040,3)
000546.png (1524,2040,3)
000547.png (1356,2040,3)
000548.png (1344,2040,3)
000549.png (1356,2040,3)
000550.png (1524,2040,3)
000551.png (2040,1356,3)
000552.png (1452,2040,3)
000553.png (1356,2040,3)
000554.png (1260,2028,3)
000555.png (1356,2040,3)
000556.png (2040,1356,3)
000557.png (1524,2040,3)
000558.png (1344,2040,3)
000559.png (1356,2028,3)
000560.png (1524,2040,3)
000561.png (1356,2040,3)
000562.png (1524,2040,3)
000563.png (1356,2040,3)
000564.png (1368,2040,3)
000565.png (1524,2040,3)
000566.png (2040,1356,3)
000567.png (1200,1800,3)
000568.png (1524,2040,3)
000569.png (1356,2040,3)
000570.png (1524,2040,3)
000571.png (1524,2040,3)
000572.png (1524,2040,3)
000573.png (1392,2040,3)
000574.png (1356,2040,3)
000575.png (1356,2040,3)
000576.png (1128,2040,3)
000577.png (1140,2040,3)
000578.png (2040,1524,3)
000579.png (1356,2040,3)
000580.png (1356,2040,3)
000581.png (1524,2040,3)
000582.png (1356,2040,3)
000583.png (1308,2040,3)
000584.png (1356,2040,3)
000585.png (1356,2040,3)
000586.png (1356,2040,3)
000587.png (1344,2040,3)
000588.png (2040,1524,3)
000589.png (1356,2040,3)
000590.png (1524,2040,3)
000591.png (1356,2040,3)
000592.png (1356,2040,3)
000593.png (1344,2040,3)
000594.png (1344,2028,3)
000595.png (1080,1920,3)
000596.png (1356,2040,3)
000597.png (1356,2028,3)
000598.png (1632,1308,3)
000599.png (1332,1992,3)
000600.png (1140,2040,3)
000601.png (1356,2040,3)
000602.png (1284,2040,3)
000603.png (1524,2040,3)
000604.png (1308,1956,3)
000605.png (1992,2040,3)
000606.png (1524,2040,3)
000607.png (1260,2040,3)
000608.png (1320,2040,3)
000609.png (1356,2040,3)
000610.png (1356,2040,3)
000611.png (1356,2040,3)
000612.png (1104,2040,3)
000613.png (2040,1632,3)
000614.png (2040,1356,3)
000615.png (1356,2040,3)
000616.png (1296,2040,3)
000617.png (1356,2040,3)
000618.png (1356,2040,3)
000619.png (1356,2040,3)
000620.png (1392,2028,3)
000621.png (1356,2028,3)
000622.png (1320,2040,3)
000623.png (1152,2040,3)
000624.png (1140,2040,3)
000625.png (1356,2040,3)
000626.png (1296,2040,3)
000627.png (1344,2040,3)
000628.png (1356,2028,3)
000629.png (1356,2040,3)
000630.png (1260,1800,3)
000631.png (1320,2040,3)
000632.png (1356,2040,3)
000633.png (1260,2040,3)
000634.png (1152,1548,3)
000635.png (2040,1356,3)
000636.png (1140,2040,3)
000637.png (1200,1800,3)
000638.png (1524,2040,3)
000639.png (1116,2040,3)
000640.png (2040,1992,3)
000641.png (2040,1356,3)
000642.png (1356,2040,3)
000643.png (1452,2040,3)
000644.png (1188,1800,3)
000645.png (1284,2040,3)
000646.png (1344,2040,3)
000647.png (1524,2040,3)
000648.png (1476,2040,3)
000649.png (1356,2040,3)
000650.png (1356,2040,3)
000651.png (1176,2040,3)
000652.png (1356,2040,3)
000653.png (1524,2040,3)
000654.png (1356,2040,3)
000655.png (1344,2040,3)
000656.png (1356,2040,3)
000657.png (1344,2040,3)
000658.png (1356,2040,3)
000659.png (1164,1752,3)
000660.png (1356,2040,3)
000661.png (1272,2040,3)
000662.png (2040,1560,3)
000663.png (1356,2040,3)
000664.png (1140,2040,3)
000665.png (1356,2040,3)
000666.png (1176,1764,3)
000667.png (1164,2040,3)
000668.png (2028,1356,3)
000669.png (1356,2040,3)
000670.png (1344,2040,3)
000671.png (1524,2040,3)
000672.png (1188,2040,3)
000673.png (1356,2040,3)
000674.png (2040,1740,3)
000675.png (1356,2040,3)
000676.png (1356,2040,3)
000677.png (1356,2040,3)
000678.png (1356,2040,3)
000679.png (1644,2040,3)
000680.png (1140,2040,3)
000681.png (1620,2040,3)
000682.png (1140,2040,3)
000683.png (2040,1356,3)
000684.png (1524,2040,3)
000685.png (1356,2040,3)
000686.png (1356,2028,3)
000687.png (1356,2040,3)
000688.png (1524,2040,3)
000689.png (1356,2040,3)
000690.png (1140,2040,3)
000691.png (1356,2040,3)
000692.png (1356,2040,3)
000693.png (1356,2040,3)
000694.png (1356,2040,3)
000695.png (1356,2040,3)
000696.png (1356,2040,3)
000697.png (1356,2028,3)
000698.png (2028,1296,3)
000699.png (1356,2040,3)
000700.png (1344,2040,3)
000701.png (1464,2040,3)
000702.png (1368,2040,3)
000703.png (1356,2040,3)
000704.png (1356,2040,3)
000705.png (1512,2028,3)
000706.png (1200,1920,3)
000707.png (1356,2040,3)
000708.png (1524,2040,3)
000709.png (1524,2040,3)
000710.png (1140,2040,3)
000711.png (1356,2040,3)
000712.png (1344,2040,3)
000713.png (1356,2040,3)
000714.png (1356,2040,3)
000715.png (1356,2040,3)
000716.png (1356,2040,3)
000717.png (1524,2040,3)
000718.png (1524,2040,3)
000719.png (1356,2028,3)
000720.png (1356,2040,3)
000721.png (1356,2040,3)
000722.png (1056,1596,3)
000723.png (2040,1356,3)
000724.png (1260,2040,3)
000725.png (1140,2040,3)
000726.png (1356,2028,3)
000727.png (1476,2040,3)
000728.png (1524,2040,3)
000729.png (1452,2040,3)
000730.png (1140,2040,3)
000731.png (1356,2040,3)
000732.png (1164,1788,3)
000733.png (1140,2040,3)
000734.png (1524,2040,3)
000735.png (1356,2040,3)
000736.png (1524,2040,3)
000737.png (1524,2040,3)
000738.png (1308,2040,3)
000739.png (1344,2040,3)
000740.png (2040,2040,3)
000741.png (1080,1620,3)
000742.png (1356,2040,3)
000743.png (1140,2040,3)
000744.png (1500,2040,3)
000745.png (1344,2040,3)
000746.png (1140,2040,3)
000747.png (1356,2040,3)
000748.png (1356,2040,3)
000749.png (1356,2028,3)
000750.png (1596,1200,3)
000751.png (2040,1356,3)
000752.png (1356,2040,3)
000753.png (1356,2040,3)
000754.png (1560,2040,3)
000755.png (1356,2040,3)
000756.png (1356,2040,3)
000757.png (1356,2028,3)
000758.png (1356,2040,3)
000759.png (1356,2040,3)
000760.png (1356,2040,3)
000761.png (2040,2040,3)
000762.png (1176,1764,3)
000763.png (2040,2040,3)
000764.png (2028,1332,3)
000765.png (1524,2040,3)
000766.png (2040,1356,3)
000767.png (1800,1356,3)
000768.png (1200,1596,3)
000769.png (2028,1500,3)
000770.png (1356,2040,3)
000771.png (1416,2040,3)
000772.png (1140,2040,3)
000773.png (1320,2040,3)
000774.png (1140,2028,3)
000775.png (1356,2028,3)
000776.png (1524,2040,3)
000777.png (1980,2040,3)
000778.png (2040,1524,3)
000779.png (1524,2040,3)
000780.png (1356,2040,3)
000781.png (1140,2040,3)
000782.png (1764,2040,3)
000783.png (1356,2040,3)
000784.png (1356,2040,3)
000785.png (1356,2040,3)
000786.png (2040,1356,3)
000787.png (1524,2040,3)
000788.png (1920,1920,3)
000789.png (2040,1428,3)
000790.png (1356,2040,3)
000791.png (1344,2040,3)
000792.png (1524,2040,3)
000793.png (1464,2040,3)
000794.png (1356,2040,3)
000795.png (1956,2040,3)
000796.png (1524,2040,3)
000797.png (1284,1896,3)
000798.png (1524,2040,3)
000799.png (2040,1524,3)
000800.png (1356,2040,3)
000801.png (1524,2040,3)
000802.png (1524,2040,3)
000803.png (1524,2040,3)
000804.png (1272,1920,3)
000805.png (1356,2040,3)
000806.png (1356,2040,3)
000807.png (1140,2040,3)
000808.png (1356,2040,3)
000809.png (1248,2040,3)
000810.png (1356,2040,3)
000811.png (2040,2040,3)
000812.png (1356,2040,3)
000813.png (2040,1140,3)
000814.png (1356,2040,3)
000815.png (1356,2040,3)
000816.png (1356,2040,3)
000817.png (1524,2040,3)
000818.png (2040,1356,3)
000819.png (2040,1356,3)
000820.png (1308,2040,3)
000821.png (1344,2040,3)
000822.png (2040,1356,3)
000823.png (1356,2040,3)
000824.png (1356,2040,3)
000825.png (1356,2040,3)
000826.png (1524,2040,3)
000827.png (1356,2028,3)
000828.png (1008,2028,3)
000829.png (1356,2040,3)
000830.png (1296,2040,3)
000831.png (1344,2040,3)
000832.png (1356,2040,3)
000833.png (1356,2040,3)
000834.png (2040,1488,3)
000835.png (1320,2040,3)
000836.png (1356,2040,3)
000837.png (1356,2040,3)
000838.png (1356,2040,3)
000839.png (1524,2040,3)
000840.png (1140,2028,3)
000841.png (1524,2040,3)
000842.png (1524,2040,3)
000843.png (1356,2040,3)
000844.png (2040,1140,3)
000845.png (1140,2040,3)
000846.png (1392,2040,3)
000847.png (1356,2040,3)
000848.png (1140,2040,3)
000849.png (2040,1356,3)
000850.png (2040,1356,3)
000851.png (1140,2040,3)
000852.png (1524,2040,3)
000853.png (1344,2040,3)
000854.png (1524,2040,3)
000855.png (1140,2040,3)
000856.png (1356,2040,3)
000857.png (1392,2040,3)
000858.png (1236,2040,3)
000859.png (1524,2040,3)
000860.png (2040,1296,3)
000861.png (1524,2040,3)
000862.png (1524,2040,3)
000863.png (1344,2040,3)
000864.png (1356,2040,3)
000865.png (1212,2040,3)
000866.png (1368,2040,3)
000867.png (1524,2040,3)
000868.png (1524,2040,3)
000869.png (1356,2040,3)
000870.png (1524,2040,3)
000871.png (1920,1080,3)
000872.png (1512,2040,3)
000873.png (1356,2040,3)
000874.png (1356,2040,3)
000875.png (1200,1800,3)
000876.png (1356,2040,3)
000877.png (2028,1356,3)
000878.png (2040,1356,3)
000879.png (1080,1920,3)
000880.png (1356,2040,3)
000881.png (1140,2040,3)
000882.png (1140,2040,3)
000883.png (1356,2040,3)
000884.png (1452,2040,3)
000885.png (1524,2040,3)
000886.png (1524,2040,3)
000887.png (1356,2040,3)
000888.png (1200,1812,3)
000889.png (1356,2040,3)
000890.png (1068,2040,3)
000891.png (1524,2040,3)
000892.png (1452,2040,3)
000893.png (1968,2040,3)
000894.png (1524,2040,3)
000895.png (1344,2040,3)
000896.png (2040,1356,3)
000897.png (1524,2040,3)
000898.png (1140,2040,3)
000899.png (1344,2040,3)
000900.png (1116,1992,3)
000901.png (1356,2040,3)
000902.png (1140,2040,3)
000903.png (1524,2040,3)
000904.png (1356,2040,3)
000905.png (1644,2040,3)
000906.png (1356,2040,3)
000907.png (1356,2040,3)
000908.png (2040,1524,3)
000909.png (1524,2040,3)
000910.png (1344,2040,3)
000911.png (1356,2028,3)
000912.png (1524,2040,3)
000913.png (2040,2040,3)
000914.png (1140,2040,3)
000915.png (1524,2040,3)
000916.png (1248,2040,3)
000917.png (1200,2040,3)
000918.png (1356,2040,3)
000919.png (1344,2040,3)
000920.png (1356,2028,3)
000921.png (1524,2040,3)
000922.png (1392,2028,3)
000923.png (1524,2040,3)
000924.png (1356,2040,3)
000925.png (1020,2040,3)
000926.png (1056,1596,3)
000927.png (1356,2040,3)
000928.png (2040,1524,3)
000929.png (1356,2040,3)
000930.png (1356,2040,3)
000931.png (1140,2040,3)
000932.png (1140,2040,3)
000933.png (1524,2040,3)
000934.png (1452,2040,3)
000935.png (1356,2040,3)
000936.png (1356,2040,3)
000937.png (1524,2040,3)
000938.png (2040,1476,3)
000939.png (1356,2040,3)
000940.png (1524,2040,3)
000941.png (1356,2040,3)
000942.png (1368,2040,3)
000943.png (2028,1140,3)
000944.png (1356,2040,3)
000945.png (1356,2040,3)
000946.png (2040,1344,3)
000947.png (2028,1140,3)
000948.png (1140,2040,3)
000949.png (1212,2040,3)
000950.png (1356,2028,3)
000951.png (1356,2040,3)
000952.png (1380,2040,3)
000953.png (1140,2040,3)
000954.png (1416,1956,3)
000955.png (1140,2040,3)
000956.png (1356,2040,3)
000957.png (2040,1464,3)
000958.png (1356,2040,3)
000959.png (2040,1356,3)
000960.png (2040,1356,3)
000961.png (1356,2040,3)
000962.png (2040,1356,3)
000963.png (2040,1140,3)
000964.png (1524,2040,3)
000965.png (1356,2040,3)
000966.png (1356,2040,3)
000967.png (1524,2040,3)
000968.png (2040,1548,3)
000969.png (2040,1140,3)
000970.png (1368,2040,3)
000971.png (1920,1080,3)
000972.png (1356,2040,3)
000973.png (1356,2040,3)
000974.png (1356,2040,3)
000975.png (1356,2040,3)
000976.png (1356,2040,3)
000977.png (1356,2028,3)
000978.png (1332,1992,3)
000979.png (1092,2040,3)
000980.png (1356,2040,3)
000981.png (1356,2040,3)
000982.png (1140,2040,3)
000983.png (1356,2040,3)
000984.png (1140,2040,3)
000985.png (1356,2040,3)
000986.png (1344,2040,3)
000987.png (1356,2040,3)
000988.png (1524,2040,3)
000989.png (1524,2040,3)
000990.png (1668,2040,3)
000991.png (1356,2040,3)
000992.png (1344,2040,3)
000993.png (1620,2040,3)
000994.png (1524,2040,3)
000995.png (1212,2040,3)
000996.png (1356,2028,3)
000997.png (1524,2040,3)
000998.png (1080,1920,3)
000999.png (1356,2040,3)
001000.png (1056,1596,3)
001001.png (1596,1056,3)
001002.png (1500,1992,3)
001003.png (1524,2040,3)
001004.png (2040,1524,3)
001005.png (1524,2040,3)
001006.png (1356,2040,3)
001007.png (1356,2040,3)
001008.png (1500,1992,3)
001009.png (2028,1332,3)
001010.png (2040,1344,3)
001011.png (1356,2040,3)
001012.png (2040,1344,3)
001013.png (1356,2040,3)
001014.png (1140,2040,3)
001015.png (2040,1356,3)
001016.png (1524,2040,3)
001017.png (1140,2040,3)
001018.png (2040,1344,3)
001019.png (1356,2040,3)
001020.png (1140,2040,3)
001021.png (1416,2040,3)
001022.png (1356,2040,3)
001023.png (1140,2040,3)
001024.png (2040,1356,3)
001025.png (1356,2040,3)
001026.png (2040,1440,3)
001027.png (1356,2040,3)
001028.png (1296,2040,3)
001029.png (1032,2040,3)
001030.png (1356,2040,3)
001031.png (1272,1920,3)
001032.png (1356,2040,3)
001033.png (1440,2040,3)
001034.png (1068,1596,3)
001035.png (1440,2040,3)
001036.png (1356,2040,3)
001037.png (1308,2040,3)
001038.png (1356,2040,3)
001039.png (1356,2040,3)
001040.png (1356,2040,3)
001041.png (1356,2040,3)
001042.png (1200,1596,3)
001043.png (1356,2040,3)
001044.png (1524,2040,3)
001045.png (1956,1296,3)
001046.png (1356,2028,3)
001047.png (1392,2028,3)
001048.png (1080,1920,3)
001049.png (2040,1536,3)
001050.png (1356,2040,3)
001051.png (1332,2040,3)
001052.png (1140,2040,3)
001053.png (2028,1356,3)
001054.png (1356,2040,3)
001055.png (1080,1920,3)
001056.png (1356,2040,3)
001057.png (2040,2040,3)
001058.png (1356,2040,3)
001059.png (1524,2040,3)
001060.png (1296,1944,3)
001061.png (1332,2028,3)
001062.png (1356,2040,3)
001063.png (1524,2040,3)
001064.png (1356,2040,3)
001065.png (1356,2040,3)
001066.png (1140,2040,3)
001067.png (1080,1920,3)
001068.png (1356,2040,3)
001069.png (1356,2040,3)
001070.png (1524,2040,3)
001071.png (1572,2040,3)
001072.png (1344,2040,3)
001073.png (1524,2040,3)
001074.png (1140,2028,3)
001075.png (1356,2040,3)
001076.png (1356,2040,3)
001077.png (1356,2040,3)
001078.png (2040,1368,3)
001079.png (2040,1356,3)
001080.png (1200,1920,3)
001081.png (1356,2040,3)
001082.png (1356,2040,3)
001083.png (1152,1728,3)
001084.png (1200,1812,3)
001085.png (1356,2040,3)
001086.png (2040,1356,3)
001087.png (1356,2040,3)
001088.png (1524,2040,3)
001089.png (1344,2040,3)
001090.png (1356,2040,3)
001091.png (2040,1356,3)
001092.png (876,1620,3)
001093.png (1356,2040,3)
001094.png (1404,2040,3)
001095.png (1524,2040,3)
001096.png (1140,2040,3)
001097.png (1140,2040,3)
001098.png (1524,2040,3)
001099.png (1332,1992,3)
001100.png (1140,2040,3)
001101.png (1080,1920,3)
001102.png (1224,2040,3)
001103.png (1200,1920,3)
001104.png (1356,2040,3)
001105.png (1356,2040,3)
001106.png (1032,1560,3)
001107.png (2040,1368,3)
001108.png (1200,1800,3)
001109.png (1356,2040,3)
001110.png (1416,1920,3)
001111.png (1356,2040,3)
001112.png (1356,2040,3)
001113.png (1140,2040,3)
001114.png (1524,2040,3)
001115.png (1524,2040,3)
001116.png (1524,2040,3)
001117.png (1356,2040,3)
001118.png (1356,2040,3)
001119.png (1356,2040,3)
001120.png (1140,2040,3)
001121.png (1356,2040,3)
001122.png (1344,2040,3)
001123.png (1356,2040,3)
001124.png (1548,1620,3)
001125.png (1356,2040,3)
001126.png (1356,2040,3)
001127.png (1140,2040,3)
001128.png (1356,2040,3)
001129.png (1128,2040,3)
001130.png (1356,2040,3)
001131.png (2028,1356,3)
001132.png (1356,2040,3)
001133.png (1524,2040,3)
001134.png (2040,1356,3)
001135.png (1452,2028,3)
001136.png (1356,2040,3)
001137.png (2028,1356,3)
001138.png (1356,2040,3)
001139.png (1140,2040,3)
001140.png (1140,2040,3)
001141.png (1356,2040,3)
001142.png (1356,2040,3)
001143.png (2040,1140,3)
001144.png (1356,2040,3)
001145.png (2040,1356,3)
001146.png (1524,2040,3)
001147.png (1356,2040,3)
001148.png (1368,2028,3)
001149.png (1524,2040,3)
001150.png (1356,2040,3)
001151.png (2040,1356,3)
001152.png (1356,2028,3)
001153.png (2040,1356,3)
001154.png (1200,1800,3)
001155.png (1356,2040,3)
001156.png (1080,1920,3)
001157.png (1524,2040,3)
001158.png (1524,2040,3)
001159.png (1356,2040,3)
001160.png (1356,2028,3)
001161.png (1524,2040,3)
001162.png (1524,2040,3)
001163.png (1080,1920,3)
001164.png (1356,2040,3)
001165.png (1356,2040,3)
001166.png (1356,2040,3)
001167.png (1524,2040,3)
001168.png (1176,2040,3)
001169.png (1128,2040,3)
001170.png (1356,2040,3)
001171.png (1080,1920,3)
001172.png (1416,2040,3)
001173.png (2040,1356,3)
001174.png (1056,1596,3)
001175.png (1920,1440,3)
001176.png (1356,2040,3)
001177.png (2040,1356,3)
001178.png (1524,2040,3)
001179.png (1236,2028,3)
001180.png (1788,2040,3)
001181.png (1356,2040,3)
001182.png (1524,2040,3)
001183.png (2040,1356,3)
001184.png (1200,1800,3)
001185.png (1356,2040,3)
001186.png (1068,2028,3)
001187.png (2040,1356,3)
001188.png (1356,2040,3)
001189.png (1356,2040,3)
001190.png (1524,2040,3)
001191.png (1236,2040,3)
001192.png (1260,2040,3)
001193.png (1356,2040,3)
001194.png (1356,2040,3)
001195.png (1356,2040,3)
001196.png (1356,2040,3)
001197.png (1356,2040,3)
001198.png (1356,2040,3)
001199.png (1356,2040,3)
001200.png (1164,2040,3)
001201.png (1356,2040,3)
001202.png (1320,2040,3)
001203.png (1416,2040,3)
001204.png (1752,1164,3)
001205.png (1056,1596,3)
001206.png (1356,2040,3)
001207.png (1344,2040,3)
001208.png (1524,2040,3)
001209.png (1272,1920,3)
001210.png (1524,2040,3)
001211.png (1356,2028,3)
001212.png (1140,2040,3)
001213.png (1140,2028,3)
001214.png (2028,1140,3)
001215.png (1344,2040,3)
001216.png (1812,2040,3)
001217.png (1296,2040,3)
001218.png (1356,2040,3)
001219.png (1356,2028,3)
001220.png (1524,2040,3)
001221.png (1356,2028,3)
001222.png (1140,2040,3)
001223.png (1356,2040,3)
001224.png (1356,2040,3)
001225.png (1248,1992,3)
001226.png (1236,1860,3)
001227.png (2028,1356,3)
001228.png (1356,2040,3)
001229.png (1356,2040,3)
001230.png (1524,2040,3)
001231.png (1344,2040,3)
001232.png (1632,2040,3)
001233.png (1152,1920,3)
001234.png (1356,2028,3)
001235.png (1224,2028,3)
001236.png (1332,2040,3)
001237.png (1356,2040,3)
001238.png (1524,2040,3)
001239.png (1128,2040,3)
001240.png (1356,2040,3)
001241.png (1356,2040,3)
001242.png (1356,2040,3)
001243.png (1356,2040,3)
001244.png (1524,2040,3)
001245.png (2040,1524,3)
001246.png (1332,1992,3)
001247.png (2028,1140,3)
001248.png (1356,2040,3)
001249.png (2040,2040,3)
001250.png (1056,1596,3)
001251.png (2040,1344,3)
001252.png (1524,2040,3)
001253.png (1356,2040,3)
001254.png (1560,2028,3)
001255.png (1356,2028,3)
001256.png (1344,2040,3)
001257.png (1356,2040,3)
001258.png (2040,1140,3)
001259.png (1380,2028,3)
001260.png (1356,2028,3)
001261.png (1344,2040,3)
001262.png (1596,1596,3)
001263.png (1524,2040,3)
001264.png (1356,2028,3)
001265.png (1356,2040,3)
001266.png (1020,2040,3)
001267.png (1140,2040,3)
001268.png (1068,1596,3)
001269.png (1140,2040,3)
001270.png (1140,2040,3)
001271.png (1524,2040,3)
001272.png (1356,2028,3)
001273.png (1056,1596,3)
001274.png (1356,2040,3)
001275.png (1344,2040,3)
001276.png (1080,1620,3)
001277.png (1524,2040,3)
001278.png (1536,1020,3)
001279.png (2040,2040,3)
001280.png (1080,2040,3)
001281.png (1356,2040,3)
001282.png (1524,2040,3)
001283.png (2040,1140,3)
001284.png (1356,2040,3)
001285.png (1356,2040,3)
001286.png (1356,2040,3)
001287.png (1356,2040,3)
001288.png (1344,2040,3)
001289.png (1356,2040,3)
001290.png (1356,2040,3)
001291.png (1344,2040,3)
001292.png (1356,2040,3)
001293.png (2040,1356,3)
001294.png (1356,2040,3)
001295.png (1200,1992,3)
001296.png (1356,2040,3)
001297.png (1200,1596,3)
001298.png (1524,2040,3)
001299.png (2040,1140,3)
001300.png (1884,2040,3)
001301.png (1356,2040,3)
001302.png (1200,1596,3)
001303.png (1356,2040,3)
001304.png (2040,1116,3)
001305.png (1356,2040,3)
001306.png (1068,1992,3)
001307.png (1356,2040,3)
001308.png (1356,2040,3)
001309.png (1356,2028,3)
001310.png (1356,2040,3)
001311.png (1356,2040,3)
001312.png (1356,2040,3)
001313.png (1140,2040,3)
001314.png (2040,1356,3)
001315.png (2040,1356,3)
001316.png (1344,2040,3)
001317.png (1524,2040,3)
001318.png (1512,2040,3)
001319.png (1356,2040,3)
001320.png (1140,2040,3)
001321.png (1356,2040,3)
001322.png (1356,2040,3)
001323.png (1356,2040,3)
001324.png (1332,1992,3)
001325.png (2040,1344,3)
001326.png (1344,2040,3)
001327.png (1140,2040,3)
001328.png (1356,2040,3)
001329.png (2040,1320,3)
001330.png (1404,2040,3)
001331.png (1356,2040,3)
001332.png (1500,2040,3)
001333.png (1356,2040,3)
001334.png (2040,1356,3)
001335.png (1524,2040,3)
001336.png (1356,2040,3)
001337.png (2040,1572,3)
001338.png (1356,2040,3)
001339.png (1356,2040,3)
001340.png (1356,2028,3)
001341.png (1356,2040,3)
001342.png (1140,2040,3)
001343.png (1344,2040,3)
001344.png (1356,2040,3)
001345.png (1356,2028,3)
001346.png (1332,2040,3)
001347.png (1356,2040,3)
001348.png (1140,2040,3)
001349.png (1356,2040,3)
001350.png (1524,2040,3)
001351.png (1356,2040,3)
001352.png (1716,2040,3)
001353.png (1140,2040,3)
001354.png (1356,2028,3)
001355.png (1344,2040,3)
001356.png (1680,2040,3)
001357.png (1524,2040,3)
001358.png (1356,2040,3)
001359.png (1356,2040,3)
001360.png (2040,1524,3)
001361.png (1356,2040,3)
001362.png (2028,1440,3)
001363.png (1356,2040,3)
001364.png (1524,2040,3)
001365.png (1656,1740,3)
001366.png (1356,2040,3)
001367.png (1524,2040,3)
001368.png (1512,2040,3)
001369.png (1524,2040,3)
001370.png (1356,2040,3)
001371.png (1356,2040,3)
001372.png (1356,2040,3)
001373.png (1356,2040,3)
001374.png (1272,2040,3)
001375.png (1212,2040,3)
001376.png (1752,2040,3)
001377.png (2040,1356,3)
001378.png (1452,2040,3)
001379.png (1524,2040,3)
001380.png (1308,1920,3)
001381.png (1320,2040,3)
001382.png (1272,2040,3)
001383.png (1212,2040,3)
001384.png (2040,1344,3)
001385.png (1428,1992,3)
001386.png (1140,2040,3)
001387.png (1824,2040,3)
001388.png (1344,2040,3)
001389.png (1140,2040,3)
001390.png (1488,2040,3)
001391.png (1356,2040,3)
001392.png (2040,1140,3)
001393.png (1356,2040,3)
001394.png (1524,2040,3)
001395.png (1356,2040,3)
001396.png (1200,1920,3)
001397.png (1128,1560,3)
001398.png (1920,1080,3)
001399.png (1332,2040,3)
001400.png (1524,2040,3)
001401.png (1356,2040,3)
001402.png (1524,2028,3)
001403.png (1356,2040,3)
001404.png (2040,2040,3)
001405.png (1548,2040,3)
001406.png (1356,2040,3)
001407.png (1356,2040,3)
001408.png (1356,2040,3)
001409.png (1356,2040,3)
001410.png (2040,1368,3)
001411.png (1524,2040,3)
001412.png (2028,2028,3)
001413.png (1356,2040,3)
001414.png (1356,2040,3)
001415.png (1356,2040,3)
001416.png (1524,2040,3)
001417.png (2040,1356,3)
001418.png (1356,2040,3)
001419.png (1524,2040,3)
001420.png (1356,2028,3)
001421.png (1356,2040,3)
001422.png (1356,2040,3)
001423.png (1356,2040,3)
001424.png (2040,1344,3)
001425.png (1356,2040,3)
001426.png (1524,2040,3)
001427.png (1452,2040,3)
001428.png (2040,1524,3)
001429.png (1356,2040,3)
001430.png (2040,1356,3)
001431.png (1356,2040,3)
001432.png (1356,2040,3)
001433.png (1356,2028,3)
001434.png (1344,2040,3)
001435.png (1356,2040,3)
001436.png (1356,2040,3)
001437.png (1356,2028,3)
001438.png (1356,2040,3)
001439.png (1356,2040,3)
001440.png (2040,1356,3)
001441.png (1356,2040,3)
001442.png (1140,2028,3)
001443.png (1548,2040,3)
001444.png (1332,1992,3)
001445.png (1356,2040,3)
001446.png (1140,2040,3)
001447.png (1356,2040,3)
001448.png (1140,2040,3)
001449.png (1356,2040,3)
001450.png (1356,2040,3)
001451.png (1356,2040,3)
001452.png (1356,2040,3)
001453.png (1356,2040,3)
001454.png (1356,2040,3)
001455.png (2040,1344,3)
001456.png (1356,2040,3)
001457.png (2040,1632,3)
001458.png (1272,1920,3)
001459.png (1320,2040,3)
001460.png (1356,2040,3)
001461.png (1140,2040,3)
001462.png (1356,2040,3)
001463.png (1140,2040,3)
001464.png (1356,2040,3)
001465.png (1356,2040,3)
001466.png (1356,2040,3)
001467.png (1140,2040,3)
001468.png (1092,2040,3)
001469.png (1356,2040,3)
001470.png (1092,2028,3)
001471.png (1524,2040,3)
001472.png (1356,2040,3)
001473.png (1332,2040,3)
001474.png (1260,2040,3)
001475.png (1356,2040,3)
001476.png (1356,2040,3)
001477.png (1296,2040,3)
001478.png (1272,2040,3)
001479.png (1356,2040,3)
001480.png (1344,2040,3)
001481.png (1344,2040,3)
001482.png (1356,2040,3)
001483.png (1356,2028,3)
001484.png (1524,2040,3)
001485.png (1356,2040,3)
001486.png (1356,2040,3)
001487.png (1380,2040,3)
001488.png (1140,2040,3)
001489.png (1404,2040,3)
001490.png (1356,2040,3)
001491.png (1356,2040,3)
001492.png (2040,1668,3)
001493.png (1356,2040,3)
001494.png (1344,2040,3)
001495.png (1344,2040,3)
001496.png (1356,2040,3)
001497.png (2040,1788,3)
001498.png (1344,2040,3)
001499.png (1296,2040,3)
001500.png (2040,1356,3)
001501.png (2040,1356,3)
001502.png (1092,2028,3)
001503.png (1356,2040,3)
001504.png (1344,2040,3)
001505.png (1260,2040,3)
001506.png (1524,2040,3)
001507.png (1356,2040,3)
001508.png (1356,2040,3)
001509.png (1524,2040,3)
001510.png (1356,2040,3)
001511.png (1356,2028,3)
001512.png (2040,2040,3)
001513.png (1344,2040,3)
001514.png (1524,2040,3)
001515.png (1320,2040,3)
001516.png (1356,2040,3)
001517.png (1524,2040,3)
001518.png (1356,2040,3)
001519.png (2040,1356,3)
001520.png (1680,2040,3)
001521.png (1356,2040,3)
001522.png (1356,2040,3)
001523.png (1200,1812,3)
001524.png (1680,2040,3)
001525.png (1524,2040,3)
001526.png (1200,1812,3)
001527.png (1356,2040,3)
001528.png (1080,1620,3)
001529.png (1140,2040,3)
001530.png (1524,2040,3)
001531.png (2028,1356,3)
001532.png (1140,2040,3)
001533.png (1140,2040,3)
001534.png (1356,2040,3)
001535.png (1140,2040,3)
001536.png (1356,2040,3)
001537.png (1356,2040,3)
001538.png (1524,2040,3)
001539.png (1320,1992,3)
001540.png (1200,1800,3)
001541.png (1344,2040,3)
001542.png (1356,2040,3)
001543.png (1272,1920,3)
001544.png (1056,1596,3)
001545.png (2040,1524,3)
001546.png (1356,2040,3)
001547.png (1356,2040,3)
001548.png (1260,1896,3)
001549.png (1356,2040,3)
001550.png (1524,2028,3)
001551.png (1356,2040,3)
001552.png (1356,2040,3)
001553.png (1356,2040,3)
001554.png (1152,1728,3)
001555.png (2040,1356,3)
001556.png (1296,2040,3)
001557.png (1128,1896,3)
001558.png (1356,2040,3)
001559.png (2040,1356,3)
001560.png (1356,2040,3)
001561.png (1344,2040,3)
001562.png (1356,2040,3)
001563.png (1392,2040,3)
001564.png (1344,2040,3)
001565.png (1356,2040,3)
001566.png (2040,1572,3)
001567.png (1356,2040,3)
001568.png (1140,2040,3)
001569.png (1356,2040,3)
001570.png (1356,2040,3)
001571.png (1380,2028,3)
001572.png (1356,2040,3)
001573.png (1056,1596,3)
001574.png (1200,1800,3)
001575.png (1344,2040,3)
001576.png (1524,2040,3)
001577.png (1344,2040,3)
001578.png (1356,2040,3)
001579.png (1284,2040,3)
001580.png (1032,2028,3)
001581.png (1140,2040,3)
001582.png (1224,1836,3)
001583.png (1356,2040,3)
001584.png (1356,2040,3)
001585.png (1356,2040,3)
001586.png (1716,2040,3)
001587.png (2040,1908,3)
001588.png (1356,2040,3)
001589.png (1524,2040,3)
001590.png (1356,2040,3)
001591.png (1080,1620,3)
001592.png (1524,2040,3)
001593.png (2040,1524,3)
001594.png (1356,2028,3)
001595.png (1356,2040,3)
001596.png (1356,2040,3)
001597.png (1356,2040,3)
001598.png (1356,2040,3)
001599.png (1356,2028,3)
001600.png (1356,2040,3)
001601.png (2040,1524,3)
001602.png (1440,1920,3)
001603.png (1356,2040,3)
001604.png (1452,2040,3)
001605.png (1296,2040,3)
001606.png (2040,1356,3)
001607.png (1356,2040,3)
001608.png (1356,2040,3)
001609.png (1140,2040,3)
001610.png (1356,2028,3)
001611.png (1044,2040,3)
001612.png (1524,2040,3)
001613.png (1224,2040,3)
001614.png (1524,2040,3)
001615.png (1356,2028,3)
001616.png (2040,1140,3)
001617.png (1356,2040,3)
001618.png (1596,1200,3)
001619.png (1356,2040,3)
001620.png (1296,2040,3)
001621.png (1356,2040,3)
001622.png (1140,2040,3)
001623.png (1080,1920,3)
001624.png (1920,1920,3)
001625.png (2040,2040,3)
001626.png (1356,2040,3)
001627.png (1356,2040,3)
001628.png (2028,2028,3)
001629.png (1032,1596,3)
001630.png (1320,2040,3)
001631.png (2040,1356,3)
001632.png (1524,2040,3)
001633.png (1524,2040,3)
001634.png (1140,2040,3)
001635.png (1524,2040,3)
001636.png (1200,1800,3)
001637.png (1140,2040,3)
001638.png (1356,2040,3)
001639.png (1356,2040,3)
001640.png (1140,2040,3)
001641.png (1356,2040,3)
001642.png (2040,1356,3)
001643.png (1272,2040,3)
001644.png (1524,2040,3)
001645.png (1356,2040,3)
001646.png (2040,1356,3)
001647.png (1080,1596,3)
001648.png (1392,2040,3)
001649.png (1356,2040,3)
001650.png (1356,2040,3)
001651.png (1356,2040,3)
001652.png (2040,2004,3)
001653.png (1524,2040,3)
001654.png (1524,2040,3)
001655.png (2040,1452,3)
001656.png (1992,1740,3)
001657.png (1272,1920,3)
001658.png (2040,1524,3)
001659.png (1356,2040,3)
001660.png (1140,2040,3)
001661.png (1524,2040,3)
001662.png (2040,1260,3)
001663.png (1356,2040,3)
001664.png (1524,2040,3)
001665.png (1356,2040,3)
001666.png (1356,2040,3)
001667.png (1356,2040,3)
001668.png (1092,2040,3)
001669.png (2040,1140,3)
001670.png (1512,2040,3)
001671.png (1356,2040,3)
001672.png (1356,2040,3)
001673.png (1080,1920,3)
001674.png (1428,2040,3)
001675.png (1308,2040,3)
001676.png (1356,2040,3)
001677.png (1140,2040,3)
001678.png (1356,2040,3)
001679.png (1800,1368,3)
001680.png (1356,2028,3)
001681.png (1356,2040,3)
001682.png (1332,1992,3)
001683.png (2040,2040,3)
001684.png (1140,2040,3)
001685.png (1356,2040,3)
001686.png (2040,1356,3)
001687.png (1344,2040,3)
001688.png (1332,1992,3)
001689.png (1524,2040,3)
001690.png (1320,2040,3)
001691.png (2040,1356,3)
001692.png (1356,2040,3)
001693.png (1356,2040,3)
001694.png (2040,1344,3)
001695.png (1356,2040,3)
001696.png (1356,2028,3)
001697.png (1080,1920,3)
001698.png (2040,1404,3)
001699.png (1524,2040,3)
001700.png (1356,2028,3)
001701.png (1152,1548,3)
001702.png (1524,2040,3)
001703.png (1044,2040,3)
001704.png (1356,2040,3)
001705.png (1524,2040,3)
001706.png (1056,2040,3)
001707.png (1356,2040,3)
001708.png (1356,2040,3)
001709.png (1332,2040,3)
001710.png (1356,2040,3)
001711.png (2040,1524,3)
001712.png (2040,1764,3)
001713.png (1356,2040,3)
001714.png (2028,1392,3)
001715.png (1524,2040,3)
001716.png (1464,2028,3)
001717.png (1356,2040,3)
001718.png (1272,2040,3)
001719.png (1080,1920,3)
001720.png (1356,2040,3)
001721.png (1752,1548,3)
001722.png (1356,2040,3)
001723.png (1356,2040,3)
001724.png (1356,2040,3)
001725.png (1524,2040,3)
001726.png (1356,2040,3)
001727.png (1368,2040,3)
001728.png (1356,2040,3)
001729.png (1356,2040,3)
001730.png (2040,1524,3)
001731.png (1524,2040,3)
001732.png (1524,2040,3)
001733.png (1356,2040,3)
001734.png (1356,2040,3)
001735.png (2040,1356,3)
001736.png (1356,2040,3)
001737.png (1524,2040,3)
001738.png (1284,2040,3)
001739.png (2040,1524,3)
001740.png (1356,2040,3)
001741.png (1356,2040,3)
001742.png (1428,2040,3)
001743.png (1152,1596,3)
001744.png (1344,2040,3)
001745.png (1500,2040,3)
001746.png (2040,1356,3)
001747.png (1524,2040,3)
001748.png (1524,2040,3)
001749.png (1200,1932,3)
001750.png (1296,2028,3)
001751.png (1356,2040,3)
001752.png (1356,2040,3)
001753.png (1140,2040,3)
001754.png (1356,2040,3)
001755.png (2040,1524,3)
001756.png (1524,2040,3)
001757.png (1356,2028,3)
001758.png (1356,2040,3)
001759.png (1356,2040,3)
001760.png (1140,2040,3)
001761.png (1524,2040,3)
001762.png (2040,1512,3)
001763.png (2040,1380,3)
001764.png (1140,2040,3)
001765.png (2040,1620,3)
001766.png (1200,1800,3)
001767.png (1356,2040,3)
001768.png (1356,2040,3)
001769.png (1356,2040,3)
001770.png (1356,2040,3)
001771.png (1308,2040,3)
001772.png (2040,1140,3)
001773.png (1992,1476,3)
001774.png (1356,2040,3)
001775.png (1332,1992,3)
001776.png (1356,2040,3)
001777.png (1356,2040,3)
001778.png (1632,2040,3)
001779.png (1356,2028,3)
001780.png (1236,2040,3)
001781.png (1056,1596,3)
001782.png (1524,2040,3)
001783.png (1356,2040,3)
001784.png (1200,2040,3)
001785.png (2040,1356,3)
001786.png (1356,2040,3)
001787.png (1356,2040,3)
001788.png (1356,2040,3)
001789.png (2028,1356,3)
001790.png (1356,2040,3)
001791.png (1356,2040,3)
001792.png (1356,2040,3)
001793.png (1272,2040,3)
001794.png (1140,2040,3)
001795.png (1356,2040,3)
001796.png (1140,2040,3)
001797.png (1272,1920,3)
001798.png (1356,2040,3)
001799.png (1356,2040,3)
001800.png (1800,1200,3)
001801.png (1212,2040,3)
001802.png (1356,2040,3)
001803.png (1356,2028,3)
001804.png (1356,2040,3)
001805.png (2028,1356,3)
001806.png (1356,2040,3)
001807.png (1356,2040,3)
001808.png (1140,2040,3)
001809.png (1140,2040,3)
001810.png (1356,2040,3)
001811.png (1356,2040,3)
001812.png (1356,2040,3)
001813.png (1356,2040,3)
001814.png (1356,2040,3)
001815.png (1356,2040,3)
001816.png (1356,2040,3)
001817.png (1524,2040,3)
001818.png (1452,2040,3)
001819.png (1356,2040,3)
001820.png (1332,1992,3)
001821.png (1356,2040,3)
001822.png (1200,1596,3)
001823.png (1548,2040,3)
001824.png (1080,1920,3)
001825.png (1356,2028,3)
001826.png (1332,2040,3)
001827.png (1524,2040,3)
001828.png (1140,2040,3)
001829.png (1356,2040,3)
001830.png (1344,2040,3)
001831.png (1356,2040,3)
001832.png (1356,2040,3)
001833.png (1356,2040,3)
001834.png (1524,2040,3)
001835.png (1080,1920,3)
001836.png (2028,1356,3)
001837.png (1140,2040,3)
001838.png (1356,2040,3)
001839.png (1140,2040,3)
001840.png (1356,2040,3)
001841.png (1524,2040,3)
001842.png (1344,2040,3)
001843.png (2040,1524,3)
001844.png (1332,2040,3)
001845.png (1524,2040,3)
001846.png (1356,2028,3)
001847.png (1356,2040,3)
001848.png (1356,2040,3)
001849.png (1524,2040,3)
001850.png (1392,2040,3)
001851.png (1356,2040,3)
001852.png (2040,2040,3)
001853.png (1632,2040,3)
001854.png (1200,1788,3)
001855.png (1356,2028,3)
001856.png (1332,1992,3)
001857.png (1524,2040,3)
001858.png (1488,2040,3)
001859.png (1620,2040,3)
001860.png (1524,2040,3)
001861.png (1356,2040,3)
001862.png (1524,2040,3)
001863.png (1500,2028,3)
001864.png (2040,1740,3)
001865.png (1356,2040,3)
001866.png (1524,2040,3)
001867.png (1188,2040,3)
001868.png (2028,2004,3)
001869.png (1056,1668,3)
001870.png (1356,2040,3)
001871.png (1356,2040,3)
001872.png (1524,2040,3)
001873.png (1356,2040,3)
001874.png (1128,2040,3)
001875.png (1356,2040,3)
001876.png (2040,1140,3)
001877.png (1080,1620,3)
001878.png (1356,2040,3)
001879.png (1524,2040,3)
001880.png (2040,1368,3)
001881.png (1356,2040,3)
001882.png (1140,2040,3)
001883.png (1356,2040,3)
001884.png (1356,2040,3)
001885.png (1356,2040,3)
001886.png (1524,2040,3)
001887.png (1356,2040,3)
001888.png (1356,2040,3)
001889.png (1200,1920,3)
001890.png (1140,2040,3)
001891.png (1524,2040,3)
001892.png (2040,1140,3)
001893.png (1344,2040,3)
001894.png (2040,1524,3)
001895.png (1524,2040,3)
001896.png (1356,2040,3)
001897.png (1524,2040,3)
001898.png (1524,2040,3)
001899.png (1356,2040,3)
001900.png (1068,1596,3)
001901.png (1356,2040,3)
001902.png (1524,2040,3)
001903.png (2040,1356,3)
001904.png (2040,2040,3)
001905.png (1512,2040,3)
001906.png (1356,2040,3)
001907.png (2028,1140,3)
001908.png (1140,2028,3)
001909.png (1848,2040,3)
001910.png (1356,2040,3)
001911.png (1356,2040,3)
001912.png (2040,1524,3)
001913.png (1476,2040,3)
001914.png (2040,2040,3)
001915.png (1140,2040,3)
001916.png (1356,2040,3)
001917.png (1356,2040,3)
001918.png (1356,2040,3)
001919.png (1140,2040,3)
001920.png (1092,2040,3)
001921.png (1464,2040,3)
001922.png (1404,2040,3)
001923.png (1524,2040,3)
001924.png (1356,2040,3)
001925.png (2040,1356,3)
001926.png (1356,2040,3)
001927.png (1452,2040,3)
001928.png (1080,1908,3)
001929.png (1524,2040,3)
001930.png (1356,2040,3)
001931.png (1344,2040,3)
001932.png (1212,2040,3)
001933.png (1356,2040,3)
001934.png (1356,2040,3)
001935.png (2040,1356,3)
001936.png (1356,2040,3)
001937.png (1344,2040,3)
001938.png (1356,2040,3)
001939.png (1332,2028,3)
001940.png (1356,2040,3)
001941.png (1356,2040,3)
001942.png (1356,2040,3)
001943.png (1356,2040,3)
001944.png (2040,1668,3)
001945.png (1524,2040,3)
001946.png (1524,2040,3)
001947.png (1356,2040,3)
001948.png (1344,2040,3)
001949.png (1200,1596,3)
001950.png (1356,2040,3)
001951.png (1140,2040,3)
001952.png (984,1968,3)
001953.png (1356,2040,3)
001954.png (1356,2040,3)
001955.png (1524,2040,3)
001956.png (1332,1992,3)
001957.png (1524,2040,3)
001958.png (2040,1356,3)
001959.png (1356,2040,3)
001960.png (1356,2028,3)
001961.png (1452,2040,3)
001962.png (1356,2040,3)
001963.png (1524,2040,3)
001964.png (1320,2040,3)
001965.png (1524,2040,3)
001966.png (1356,2028,3)
001967.png (1584,2040,3)
001968.png (1272,2040,3)
001969.png (1392,2040,3)
001970.png (1356,2040,3)
001971.png (1452,2040,3)
001972.png (1068,1596,3)
001973.png (1356,2040,3)
001974.png (1344,2040,3)
001975.png (1200,1800,3)
001976.png (1080,1920,3)
001977.png (1356,2040,3)
001978.png (1356,2040,3)
001979.png (1080,1920,3)
001980.png (2040,1524,3)
001981.png (1524,2040,3)
001982.png (1356,2040,3)
001983.png (1056,1596,3)
001984.png (1356,2040,3)
001985.png (1356,2040,3)
001986.png (1344,2040,3)
001987.png (2040,1308,3)
001988.png (1356,2040,3)
001989.png (1140,2040,3)
001990.png (1308,2040,3)
001991.png (1356,2040,3)
001992.png (1128,2040,3)
001993.png (1356,2028,3)
001994.png (1356,2040,3)
001995.png (1140,2040,3)
001996.png (1356,2040,3)
001997.png (1632,2028,3)
001998.png (1344,2040,3)
001999.png (1356,2040,3)
002000.png (1272,2040,3)
002001.png (2040,2040,3)
002002.png (1992,1236,3)
002003.png (1140,2040,3)
002004.png (1356,2040,3)
002005.png (1200,1596,3)
002006.png (1188,2040,3)
002007.png (1356,2040,3)
002008.png (1200,1800,3)
002009.png (1524,2040,3)
002010.png (1368,2040,3)
002011.png (1356,2040,3)
002012.png (1248,2040,3)
002013.png (2040,1524,3)
002014.png (1356,2028,3)
002015.png (1524,2040,3)
002016.png (1356,2040,3)
002017.png (1356,2040,3)
002018.png (2040,1440,3)
002019.png (2040,2040,3)
002020.png (1356,2040,3)
002021.png (1356,2040,3)
002022.png (1356,2028,3)
002023.png (2040,1128,3)
002024.png (1080,1920,3)
002025.png (2040,1632,3)
002026.png (1344,2040,3)
002027.png (1356,2040,3)
002028.png (1356,2040,3)
002029.png (1044,1716,3)
002030.png (1356,2040,3)
002031.png (1716,2040,3)
002032.png (1152,1728,3)
002033.png (1512,2016,3)
002034.png (1140,2040,3)
002035.png (2040,1356,3)
002036.png (1524,2040,3)
002037.png (1512,2040,3)
002038.png (1356,2040,3)
002039.png (1356,2040,3)
002040.png (2040,2040,3)
002041.png (1524,2040,3)
002042.png (1356,2040,3)
002043.png (1620,2040,3)
002044.png (1620,2040,3)
002045.png (1752,2040,3)
002046.png (1356,2040,3)
002047.png (1260,1596,3)
002048.png (1140,2040,3)
002049.png (1248,2040,3)
002050.png (2040,1524,3)
002051.png (1356,2040,3)
002052.png (1356,2040,3)
002053.png (2040,1356,3)
002054.png (1344,2040,3)
002055.png (1140,2040,3)
002056.png (1356,2040,3)
002057.png (1524,2028,3)
002058.png (1356,2040,3)
002059.png (1080,1920,3)
002060.png (1356,2040,3)
002061.png (1356,2040,3)
002062.png (1356,2040,3)
002063.png (2040,1356,3)
002064.png (1620,2028,3)
002065.png (1344,2028,3)
002066.png (1356,2040,3)
002067.png (1524,2040,3)
002068.png (1356,2028,3)
002069.png (2040,1524,3)
002070.png (1356,2040,3)
002071.png (1344,1800,3)
002072.png (2040,1356,3)
002073.png (1356,2040,3)
002074.png (1524,2040,3)
002075.png (1524,2040,3)
002076.png (1524,2040,3)
002077.png (1524,2040,3)
002078.png (1356,2040,3)
002079.png (1356,2040,3)
002080.png (1356,2040,3)
002081.png (1524,2040,3)
002082.png (1356,2040,3)
002083.png (1356,2040,3)
002084.png (1344,2040,3)
002085.png (1356,2040,3)
002086.png (1356,2040,3)
002087.png (1140,2040,3)
002088.png (1320,2040,3)
002089.png (1524,2040,3)
002090.png (2040,1524,3)
002091.png (1452,2040,3)
002092.png (1524,2040,3)
002093.png (1356,2040,3)
002094.png (1356,2040,3)
002095.png (1620,1080,3)
002096.png (1536,2040,3)
002097.png (1380,2040,3)
002098.png (1464,2028,3)
002099.png (1020,2040,3)
002100.png (1356,2040,3)
002101.png (1356,2040,3)
002102.png (1356,2040,3)
002103.png (1164,2028,3)
002104.png (1356,2040,3)
002105.png (1356,2040,3)
002106.png (1356,2040,3)
002107.png (1524,2040,3)
002108.png (1596,2028,3)
002109.png (1356,2040,3)
002110.png (1140,2040,3)
002111.png (1356,2040,3)
002112.png (1524,2040,3)
002113.png (1356,2040,3)
002114.png (1356,2040,3)
002115.png (1200,1920,3)
002116.png (1524,2040,3)
002117.png (1548,2040,3)
002118.png (1356,2040,3)
002119.png (1332,1992,3)
002120.png (2040,1260,3)
002121.png (2040,1236,3)
002122.png (1356,2040,3)
002123.png (1356,2040,3)
002124.png (1368,2040,3)
002125.png (1356,2040,3)
002126.png (1356,2040,3)
002127.png (1572,1128,3)
002128.png (1356,2040,3)
002129.png (1632,2040,3)
002130.png (1524,2040,3)
002131.png (1356,2040,3)
002132.png (1524,2040,3)
002133.png (1632,2040,3)
002134.png (1356,2028,3)
002135.png (1356,2040,3)
002136.png (1344,2040,3)
002137.png (1356,2040,3)
002138.png (1356,2040,3)
002139.png (1332,1992,3)
002140.png (1356,2040,3)
002141.png (1608,2028,3)
002142.png (1356,2040,3)
002143.png (1776,2028,3)
002144.png (1596,2040,3)
002145.png (1356,2040,3)
002146.png (1344,2040,3)
002147.png (1356,2040,3)
002148.png (1356,2040,3)
002149.png (1356,2040,3)
002150.png (1524,2040,3)
002151.png (1524,2040,3)
002152.png (1356,2040,3)
002153.png (1356,2040,3)
002154.png (2040,1632,3)
002155.png (2040,1524,3)
002156.png (1524,2040,3)
002157.png (1356,2040,3)
002158.png (1452,2040,3)
002159.png (1356,2040,3)
002160.png (1284,2040,3)
002161.png (1272,2040,3)
002162.png (1356,2040,3)
002163.png (1356,2040,3)
002164.png (1344,2040,3)
002165.png (1308,2040,3)
002166.png (1356,2040,3)
002167.png (1236,2040,3)
002168.png (1356,2040,3)
002169.png (1356,2040,3)
002170.png (1524,2040,3)
002171.png (1356,2040,3)
002172.png (1356,2040,3)
002173.png (1356,2040,3)
002174.png (1344,2040,3)
002175.png (1356,2040,3)
002176.png (1356,2040,3)
002177.png (1524,2040,3)
002178.png (1140,2040,3)
002179.png (1272,2040,3)
002180.png (1344,2040,3)
002181.png (1524,2040,3)
002182.png (1356,2040,3)
002183.png (1308,1920,3)
002184.png (1356,2040,3)
002185.png (1356,2040,3)
002186.png (2040,1512,3)
002187.png (1356,2040,3)
002188.png (2040,1524,3)
002189.png (1344,2040,3)
002190.png (1344,2040,3)
002191.png (1272,2040,3)
002192.png (1356,2028,3)
002193.png (2040,1212,3)
002194.png (1524,2040,3)
002195.png (1356,2040,3)
002196.png (1344,2040,3)
002197.png (1428,1908,3)
002198.png (1524,2040,3)
002199.png (1356,2040,3)
002200.png (1368,2040,3)
002201.png (1524,2040,3)
002202.png (1524,2040,3)
002203.png (1356,2040,3)
002204.png (1356,2040,3)
002205.png (2028,1356,3)
002206.png (1524,2040,3)
002207.png (1356,2028,3)
002208.png (1356,2040,3)
002209.png (2040,1524,3)
002210.png (1356,2040,3)
002211.png (1524,2040,3)
002212.png (1524,2040,3)
002213.png (1356,2040,3)
002214.png (1356,2040,3)
002215.png (1344,2040,3)
002216.png (1272,1920,3)
002217.png (2040,1140,3)
002218.png (1524,2040,3)
002219.png (1140,2028,3)
002220.png (1356,2040,3)
002221.png (1524,2040,3)
002222.png (1524,2040,3)
002223.png (1296,2040,3)
002224.png (1356,2040,3)
002225.png (1356,2040,3)
002226.png (1356,2040,3)
002227.png (1056,1596,3)
002228.png (2040,2040,3)
002229.png (1356,2040,3)
002230.png (1200,1800,3)
002231.png (1356,2040,3)
002232.png (1572,2040,3)
002233.png (1356,2040,3)
002234.png (2040,2040,3)
002235.png (1356,2040,3)
002236.png (1356,2040,3)
002237.png (2040,1524,3)
002238.png (1200,1800,3)
002239.png (1356,2040,3)
002240.png (1356,2040,3)
002241.png (1356,2028,3)
002242.png (1356,2040,3)
002243.png (1524,2040,3)
002244.png (1356,2040,3)
002245.png (1140,2040,3)
002246.png (2040,1356,3)
002247.png (1524,2040,3)
002248.png (1524,2040,3)
002249.png (2040,1356,3)
002250.png (1356,2040,3)
002251.png (1356,2040,3)
002252.png (1800,1284,3)
002253.png (1524,2040,3)
002254.png (1320,2040,3)
002255.png (1992,1320,3)
002256.png (1200,1800,3)
002257.png (1512,2040,3)
002258.png (2040,1356,3)
002259.png (1524,2040,3)
002260.png (1356,2040,3)
002261.png (1356,2040,3)
002262.png (1524,2028,3)
002263.png (2040,1356,3)
002264.png (1272,1920,3)
002265.png (2040,1356,3)
002266.png (1356,2040,3)
002267.png (1344,2040,3)
002268.png (1200,1800,3)
002269.png (1296,2040,3)
002270.png (1356,2040,3)
002271.png (1332,2040,3)
002272.png (1524,2040,3)
002273.png (1356,2040,3)
002274.png (1356,2040,3)
002275.png (1524,2040,3)
002276.png (1536,2040,3)
002277.png (1140,2040,3)
002278.png (2040,1344,3)
002279.png (1512,2040,3)
002280.png (1344,2040,3)
002281.png (1368,2040,3)
002282.png (1356,2028,3)
002283.png (1080,1920,3)
002284.png (1356,2040,3)
002285.png (1524,2040,3)
002286.png (1356,2040,3)
002287.png (2040,1356,3)
002288.png (1200,1596,3)
002289.png (1140,2040,3)
002290.png (1356,2040,3)
002291.png (1140,2040,3)
002292.png (1056,1596,3)
002293.png (1356,2040,3)
002294.png (1524,2040,3)
002295.png (1356,2040,3)
002296.png (1356,2040,3)
002297.png (1356,2040,3)
002298.png (1200,1812,3)
002299.png (1356,2040,3)
002300.png (1356,2040,3)
002301.png (1356,2040,3)
002302.png (1356,2040,3)
002303.png (1356,2040,3)
002304.png (1524,2040,3)
002305.png (1332,1992,3)
002306.png (1356,2040,3)
002307.png (1356,2040,3)
002308.png (1644,2028,3)
002309.png (1344,2040,3)
002310.png (1524,2040,3)
002311.png (1200,1800,3)
002312.png (1356,2040,3)
002313.png (1356,2040,3)
002314.png (2040,1524,3)
002315.png (1356,2040,3)
002316.png (1356,2040,3)
002317.png (1356,2040,3)
002318.png (1356,2040,3)
002319.png (2040,1620,3)
002320.png (1260,2040,3)
002321.png (1080,1608,3)
002322.png (1524,2040,3)
002323.png (1140,2040,3)
002324.png (1356,2040,3)
002325.png (2040,1524,3)
002326.png (1356,2040,3)
002327.png (1524,2040,3)
002328.png (1356,2040,3)
002329.png (1524,2040,3)
002330.png (1356,2040,3)
002331.png (1356,2040,3)
002332.png (1140,2040,3)
002333.png (1356,2040,3)
002334.png (1356,2040,3)
002335.png (1356,2040,3)
002336.png (2028,1140,3)
002337.png (1140,2040,3)
002338.png (1356,2040,3)
002339.png (1980,2040,3)
002340.png (1140,2040,3)
002341.png (1356,2040,3)
002342.png (1356,2040,3)
002343.png (2040,1764,3)
002344.png (2028,1356,3)
002345.png (1356,2040,3)
002346.png (1356,2040,3)
002347.png (1116,1680,3)
002348.png (1356,2040,3)
002349.png (2040,1140,3)
002350.png (1356,2040,3)
002351.png (1332,1992,3)
002352.png (2040,1356,3)
002353.png (2040,1356,3)
002354.png (1524,2028,3)
002355.png (1356,2040,3)
002356.png (1356,2040,3)
002357.png (1356,2040,3)
002358.png (1524,2040,3)
002359.png (2040,2040,3)
002360.png (1356,2040,3)
002361.png (1272,2040,3)
002362.png (1776,2040,3)
002363.png (1908,1272,3)
002364.png (1116,2040,3)
002365.png (1356,2040,3)
002366.png (1380,2040,3)
002367.png (1524,2040,3)
002368.png (1356,2040,3)
002369.png (1140,2040,3)
002370.png (1140,2040,3)
002371.png (1056,1596,3)
002372.png (1344,2040,3)
002373.png (2040,1596,3)
002374.png (1356,2040,3)
002375.png (1356,2040,3)
002376.png (1356,2040,3)
002377.png (1236,2040,3)
002378.png (1356,2040,3)
002379.png (1140,2040,3)
002380.png (1140,2040,3)
002381.png (1332,2040,3)
002382.png (1200,1596,3)
002383.png (1356,2040,3)
002384.png (2040,1344,3)
002385.png (1332,1776,3)
002386.png (1404,2040,3)
002387.png (1524,2040,3)
002388.png (1356,2040,3)
002389.png (1332,2040,3)
002390.png (1524,2040,3)
002391.png (1356,2040,3)
002392.png (1356,2040,3)
002393.png (2040,1788,3)
002394.png (1356,2040,3)
002395.png (1356,2040,3)
002396.png (1140,2040,3)
002397.png (1356,2040,3)
002398.png (1140,2040,3)
002399.png (1356,2040,3)
002400.png (1296,2040,3)
002401.png (1524,2040,3)
002402.png (1524,2040,3)
002403.png (1356,2040,3)
002404.png (1356,2040,3)
002405.png (1356,2040,3)
002406.png (1368,2040,3)
002407.png (1524,2040,3)
002408.png (1260,1872,3)
002409.png (1356,2040,3)
002410.png (1332,1992,3)
002411.png (1320,1980,3)
002412.png (1356,2040,3)
002413.png (1356,2040,3)
002414.png (2040,1632,3)
002415.png (1356,2040,3)
002416.png (1524,2040,3)
002417.png (1344,2040,3)
002418.png (1524,2040,3)
002419.png (1356,2040,3)
002420.png (1272,2040,3)
002421.png (1140,2040,3)
002422.png (1344,2040,3)
002423.png (1356,2040,3)
002424.png (1356,2040,3)
002425.png (1356,2040,3)
002426.png (1356,2040,3)
002427.png (2040,1356,3)
002428.png (1356,2040,3)
002429.png (1140,2040,3)
002430.png (1356,2040,3)
002431.png (1524,2040,3)
002432.png (1356,2040,3)
002433.png (1452,2028,3)
002434.png (1344,2040,3)
002435.png (1524,2040,3)
002436.png (1356,2040,3)
002437.png (1140,2040,3)
002438.png (1356,2040,3)
002439.png (1332,1992,3)
002440.png (2040,2040,3)
002441.png (1056,1596,3)
002442.png (1356,2040,3)
002443.png (1524,2040,3)
002444.png (1800,1800,3)
002445.png (1524,2040,3)
002446.png (1356,2040,3)
002447.png (1344,2040,3)
002448.png (1356,2040,3)
002449.png (2040,2040,3)
002450.png (1200,1800,3)
002451.png (2040,2040,3)
002452.png (1524,2040,3)
002453.png (1152,1728,3)
002454.png (2040,1524,3)
002455.png (2040,1356,3)
002456.png (1356,2040,3)
002457.png (1524,2040,3)
002458.png (1452,2040,3)
002459.png (1524,2040,3)
002460.png (1356,2040,3)
002461.png (1356,2040,3)
002462.png (1356,2040,3)
002463.png (2040,1356,3)
002464.png (1524,2040,3)
002465.png (2040,1524,3)
002466.png (2040,1356,3)
002467.png (1788,2040,3)
002468.png (1356,2040,3)
002469.png (1524,2040,3)
002470.png (1356,2040,3)
002471.png (1356,2040,3)
002472.png (1524,2040,3)
002473.png (1308,2028,3)
002474.png (1356,2040,3)
002475.png (1020,2040,3)
002476.png (1524,2040,3)
002477.png (1140,2040,3)
002478.png (1260,2040,3)
002479.png (1380,1920,3)
002480.png (1524,2040,3)
002481.png (1524,2040,3)
002482.png (2028,1356,3)
002483.png (1524,2040,3)
002484.png (2040,1140,3)
002485.png (1668,2040,3)
002486.png (1920,1272,3)
002487.png (1356,2040,3)
002488.png (2040,1356,3)
002489.png (1200,1800,3)
002490.png (1140,2040,3)
002491.png (1524,2040,3)
002492.png (1524,2040,3)
002493.png (1368,2040,3)
002494.png (1620,2040,3)
002495.png (1356,2040,3)
002496.png (1224,2040,3)
002497.png (1524,2040,3)
002498.png (1080,1608,3)
002499.png (1524,2040,3)
002500.png (1356,2040,3)
002501.png (1356,2040,3)
002502.png (1344,2040,3)
002503.png (1140,2040,3)
002504.png (1524,2040,3)
002505.png (1356,2040,3)
002506.png (1140,2040,3)
002507.png (2040,1356,3)
002508.png (1380,2040,3)
002509.png (1140,1596,3)
002510.png (2040,1356,3)
002511.png (1524,2040,3)
002512.png (1140,2040,3)
002513.png (1524,2040,3)
002514.png (2040,1524,3)
002515.png (1356,2040,3)
002516.png (2040,1140,3)
002517.png (1356,2040,3)
002518.png (1140,2040,3)
002519.png (1956,2040,3)
002520.png (2040,1332,3)
002521.png (1260,2040,3)
002522.png (1524,2040,3)
002523.png (1344,2040,3)
002524.png (2040,1524,3)
002525.png (2040,1260,3)
002526.png (1080,1920,3)
002527.png (1140,2040,3)
002528.png (1116,2040,3)
002529.png (1356,2040,3)
002530.png (2040,1356,3)
002531.png (1344,2040,3)
002532.png (1356,2040,3)
002533.png (1992,1332,3)
002534.png (1356,2040,3)
002535.png (1140,2040,3)
002536.png (1356,2040,3)
002537.png (1356,2040,3)
002538.png (1140,2040,3)
002539.png (2040,1140,3)
002540.png (1356,2040,3)
002541.png (1524,2040,3)
002542.png (1356,2040,3)
002543.png (1356,2040,3)
002544.png (1356,2040,3)
002545.png (1356,2040,3)
002546.png (1356,2040,3)
002547.png (1356,2040,3)
002548.png (1356,2040,3)
002549.png (1200,1596,3)
002550.png (1212,2040,3)
002551.png (1356,2040,3)
002552.png (1404,2040,3)
002553.png (1308,2040,3)
002554.png (2040,1524,3)
002555.png (1260,2040,3)
002556.png (1440,2028,3)
002557.png (1080,1620,3)
002558.png (1356,2040,3)
002559.png (1272,1920,3)
002560.png (2040,1356,3)
002561.png (2040,1524,3)
002562.png (1356,2040,3)
002563.png (1344,2040,3)
002564.png (1296,1728,3)
002565.png (1296,1944,3)
002566.png (1080,1620,3)
002567.png (1356,2040,3)
002568.png (1356,2040,3)
002569.png (1356,2040,3)
002570.png (2028,1248,3)
002571.png (1308,2040,3)
002572.png (2040,1524,3)
002573.png (1356,2040,3)
002574.png (1200,1800,3)
002575.png (1356,2040,3)
002576.png (1356,2040,3)
002577.png (1356,2040,3)
002578.png (1116,1932,3)
002579.png (1152,1728,3)
002580.png (1356,2040,3)
002581.png (1356,2040,3)
002582.png (2028,1356,3)
002583.png (1524,2028,3)
002584.png (1356,2040,3)
002585.png (2040,2040,3)
002586.png (1572,2040,3)
002587.png (2040,1140,3)
002588.png (1140,2040,3)
002589.png (2040,1524,3)
002590.png (1524,2040,3)
002591.png (1356,2040,3)
002592.png (1356,2040,3)
002593.png (1524,2040,3)
002594.png (2028,1356,3)
002595.png (2028,1452,3)
002596.png (1344,2040,3)
002597.png (1356,2040,3)
002598.png (1524,2040,3)
002599.png (1140,2040,3)
002600.png (1392,2040,3)
002601.png (2028,1128,3)
002602.png (1524,2040,3)
002603.png (1356,2040,3)
002604.png (1356,2040,3)
002605.png (2040,1740,3)
002606.png (1356,2040,3)
002607.png (1356,2040,3)
002608.png (1356,2040,3)
002609.png (2040,1884,3)
002610.png (1356,2040,3)
002611.png (1524,2040,3)
002612.png (948,1596,3)
002613.png (1200,2040,3)
002614.png (1524,2040,3)
002615.png (1356,2028,3)
002616.png (2040,1356,3)
002617.png (1524,2040,3)
002618.png (2040,2040,3)
002619.png (1356,2040,3)
002620.png (1140,2028,3)
002621.png (1356,2040,3)
002622.png (1356,2040,3)
002623.png (1524,2040,3)
002624.png (1596,1200,3)
002625.png (1524,2040,3)
002626.png (1332,1992,3)
002627.png (1452,2040,3)
002628.png (2040,1524,3)
002629.png (1356,2040,3)
002630.png (1356,2040,3)
002631.png (1524,2040,3)
002632.png (1356,2040,3)
002633.png (1344,2040,3)
002634.png (1452,2040,3)
002635.png (2040,1356,3)
002636.png (2040,1140,3)
002637.png (2040,1524,3)
002638.png (1356,2040,3)
002639.png (1080,1620,3)
002640.png (1356,2040,3)
002641.png (1356,2040,3)
002642.png (1356,2028,3)
002643.png (1356,2028,3)
002644.png (1356,2040,3)
002645.png (1524,2040,3)
002646.png (1524,2040,3)
002647.png (1356,2028,3)
002648.png (1356,2040,3)
002649.png (1356,2040,3)
002650.png (1416,2040,3)
002651.png (1404,2040,3)
002652.png (1848,2040,3)
002653.png (1356,2040,3)
002654.png (1344,2040,3)
002655.png (2040,1608,3)
002656.png (2040,1356,3)
002657.png (1356,2040,3)
002658.png (1356,2040,3)
002659.png (1524,2040,3)
002660.png (1644,2040,3)
002661.png (1356,2040,3)
002662.png (1356,2040,3)
002663.png (1368,2040,3)
002664.png (2040,1356,3)
002665.png (1356,2040,3)
002666.png (1356,2040,3)
002667.png (1356,2040,3)
002668.png (1368,2040,3)
002669.png (1536,2040,3)
002670.png (1392,2040,3)
002671.png (768,2040,3)
002672.png (960,2040,3)
002673.png (1356,2040,3)
002674.png (1356,2040,3)
002675.png (2040,1140,3)
002676.png (1536,2040,3)
002677.png (1548,2040,3)
002678.png (1992,2040,3)
002679.png (1356,2040,3)
002680.png (1272,2040,3)
002681.png (1356,2040,3)
002682.png (1356,2040,3)
002683.png (1356,2040,3)
002684.png (1356,2040,3)
002685.png (1356,2040,3)
002686.png (1536,2040,3)
002687.png (1356,2040,3)
002688.png (1224,2040,3)
002689.png (1356,2040,3)
002690.png (1356,2040,3)
002691.png (1356,2040,3)
002692.png (1356,2040,3)
002693.png (1356,2040,3)
002694.png (2040,2040,3)
002695.png (1140,2040,3)
002696.png (2040,1356,3)
002697.png (1356,2040,3)
002698.png (1356,2040,3)
002699.png (1356,2040,3)
002700.png (1356,2040,3)
002701.png (1368,2040,3)
002702.png (1356,2040,3)
002703.png (1356,2040,3)
002704.png (1332,2040,3)
002705.png (1152,2040,3)
002706.png (1380,2040,3)
002707.png (1356,2040,3)
002708.png (1356,2040,3)
002709.png (2040,1644,3)
002710.png (1224,2040,3)
002711.png (2040,1284,3)
002712.png (1428,2040,3)
002713.png (1584,2040,3)
002714.png (1356,2040,3)
002715.png (1188,2040,3)
002716.png (1356,2040,3)
002717.png (1320,2040,3)
002718.png (1380,2040,3)
002719.png (2040,1248,3)
002720.png (1356,2040,3)
002721.png (2040,1356,3)
002722.png (1356,2040,3)
002723.png (1140,2040,3)
002724.png (1356,2040,3)
002725.png (1356,2040,3)
002726.png (1572,2040,3)
002727.png (1356,2040,3)
002728.png (1356,2040,3)
002729.png (1356,2040,3)
002730.png (1332,2040,3)
002731.png (1356,2040,3)
002732.png (1212,2040,3)
002733.png (1164,2040,3)
002734.png (1368,2040,3)
002735.png (1356,2040,3)
002736.png (1356,2040,3)
002737.png (1356,2040,3)
002738.png (1356,2040,3)
002739.png (2040,1536,3)
002740.png (1356,2040,3)
002741.png (1536,2040,3)
002742.png (1152,2040,3)
002743.png (1368,2040,3)
002744.png (1272,2040,3)
002745.png (1356,2040,3)
002746.png (1356,2040,3)
002747.png (1188,2040,3)
002748.png (1536,2040,3)
002749.png (1536,2040,3)
002750.png (1356,2040,3)
002751.png (1512,2040,3)
002752.png (1368,2040,3)
002753.png (1140,2040,3)
002754.png (1320,2040,3)
002755.png (1296,2040,3)
002756.png (1152,2040,3)
002757.png (1356,2040,3)
002758.png (1536,2040,3)
002759.png (1356,2040,3)
002760.png (1356,2040,3)
002761.png (1356,2040,3)
002762.png (2040,1356,3)
002763.png (1368,2040,3)
002764.png (2040,1368,3)
002765.png (1536,2040,3)
002766.png (1356,2040,3)
002767.png (1356,2040,3)
002768.png (1488,2040,3)
002769.png (2040,1356,3)
002770.png (1356,2040,3)
002771.png (1356,2040,3)
002772.png (960,2040,3)
002773.png (1536,2040,3)
002774.png (2040,1356,3)
002775.png (1356,2040,3)
002776.png (1464,2040,3)
002777.png (1356,2040,3)
002778.png (1284,2040,3)
002779.png (1356,2040,3)
002780.png (1356,2040,3)
002781.png (1356,2040,3)
002782.png (1296,2040,3)
002783.png (1356,2040,3)
002784.png (2040,1776,3)
002785.png (1344,2040,3)
002786.png (1356,2040,3)
002787.png (1332,2040,3)
002788.png (1356,2040,3)
002789.png (948,2040,3)
002790.png (1356,2040,3)
002791.png (1356,2040,3)
002792.png (1356,2040,3)
002793.png (1356,2040,3)
002794.png (1356,2040,3)
002795.png (732,2040,3)
002796.png (1356,2040,3)
002797.png (1656,2040,3)
002798.png (1356,2040,3)
002799.png (1752,2040,3)
002800.png (2040,1164,3)
002801.png (1356,2040,3)
002802.png (1356,2040,3)
002803.png (1356,2040,3)
002804.png (1356,2040,3)
002805.png (2040,2040,3)
002806.png (1356,2040,3)
002807.png (1356,2040,3)
002808.png (1224,2040,3)
002809.png (1356,2040,3)
002810.png (1356,2040,3)
002811.png (1260,2040,3)
002812.png (2040,1368,3)
002813.png (1356,2040,3)
002814.png (1356,2040,3)
002815.png (1356,2040,3)
002816.png (1356,2040,3)
002817.png (2040,1356,3)
002818.png (1356,2040,3)
002819.png (1356,2040,3)
002820.png (1152,2040,3)
002821.png (1536,2040,3)
002822.png (1260,2040,3)
002823.png (1356,2040,3)
002824.png (1308,2040,3)
002825.png (1068,2040,3)
002826.png (1644,2040,3)
002827.png (1356,2040,3)
002828.png (1356,2040,3)
002829.png (1356,2040,3)
002830.png (1356,2040,3)
002831.png (1536,2040,3)
002832.png (1248,2040,3)
002833.png (1356,2040,3)
002834.png (1356,2040,3)
002835.png (1152,2040,3)
002836.png (1356,2040,3)
002837.png (1356,2040,3)
002838.png (1548,2040,3)
002839.png (1356,2040,3)
002840.png (1356,2040,3)
002841.png (1152,2040,3)
002842.png (1452,2040,3)
002843.png (1356,2040,3)
002844.png (1356,2040,3)
002845.png (1356,2040,3)
002846.png (1356,2040,3)
002847.png (1356,2040,3)
002848.png (1356,2040,3)
002849.png (1548,2040,3)
002850.png (1356,2040,3)
002851.png (1536,2040,3)
002852.png (1356,2040,3)
002853.png (1356,2040,3)
002854.png (1260,2040,3)
002855.png (852,2040,3)
002856.png (1356,2040,3)
002857.png (1356,2040,3)
002858.png (1356,2040,3)
002859.png (1356,2040,3)
002860.png (1356,2040,3)
002861.png (1356,2040,3)
002862.png (1536,2040,3)
002863.png (1356,2040,3)
002864.png (1356,2040,3)
002865.png (1560,2040,3)
002866.png (1632,2040,3)
002867.png (2040,2040,3)
002868.png (1356,2040,3)
002869.png (1368,2040,3)
002870.png (1356,2040,3)
002871.png (1356,2040,3)
002872.png (1164,2040,3)
002873.png (1356,2040,3)
002874.png (1356,2040,3)
002875.png (1356,2040,3)
002876.png (1356,2040,3)
002877.png (2040,1356,3)
002878.png (1356,2040,3)
002879.png (1296,2040,3)
002880.png (1392,2040,3)
002881.png (1356,2040,3)
002882.png (1356,2040,3)
002883.png (1368,2040,3)
002884.png (1356,2040,3)
002885.png (1356,2040,3)
002886.png (1356,2040,3)
002887.png (1140,2040,3)
002888.png (2040,1296,3)
002889.png (1152,2040,3)
002890.png (1836,2040,3)
002891.png (1356,2040,3)
002892.png (1356,2040,3)
002893.png (780,2040,3)
002894.png (1536,2040,3)
002895.png (1536,2040,3)
002896.png (2040,1356,3)
002897.png (1356,2040,3)
002898.png (1356,2040,3)
002899.png (1356,2040,3)
002900.png (1356,2040,3)
002901.png (1356,2040,3)
002902.png (1356,2040,3)
002903.png (1356,2040,3)
002904.png (1356,2040,3)
002905.png (1356,2040,3)
002906.png (1356,2040,3)
002907.png (1356,2040,3)
002908.png (1356,2040,3)
002909.png (1296,2040,3)
002910.png (1356,2040,3)
002911.png (1356,2040,3)
002912.png (1356,2040,3)
002913.png (1332,2040,3)
002914.png (1356,2040,3)
002915.png (1356,2040,3)
002916.png (1356,2040,3)
002917.png (1356,2040,3)
002918.png (1356,2040,3)
002919.png (1632,2040,3)
002920.png (1356,2040,3)
002921.png (1536,2040,3)
002922.png (1188,2040,3)
002923.png (1356,2040,3)
002924.png (1356,2040,3)
002925.png (1356,2040,3)
002926.png (1356,2040,3)
002927.png (1356,2040,3)
002928.png (2040,1356,3)
002929.png (1356,2040,3)
002930.png (1152,2040,3)
002931.png (1152,2040,3)
002932.png (1356,2040,3)
002933.png (1356,2040,3)
002934.png (1356,2040,3)
002935.png (2040,1236,3)
002936.png (1536,2040,3)
002937.png (1356,2040,3)
002938.png (1356,2040,3)
002939.png (2040,1356,3)
002940.png (1356,2040,3)
002941.png (1260,2040,3)
002942.png (1356,2040,3)
002943.png (1152,2040,3)
002944.png (1356,2040,3)
002945.png (1356,2040,3)
002946.png (1356,2040,3)
002947.png (1344,2040,3)
002948.png (1224,2040,3)
002949.png (1392,2040,3)
002950.png (1320,2040,3)
002951.png (1356,2040,3)
002952.png (1356,2040,3)
002953.png (1356,2040,3)
002954.png (1224,2040,3)
002955.png (1356,2040,3)
002956.png (1356,2040,3)
002957.png (1356,2040,3)
002958.png (1356,2040,3)
002959.png (1356,2040,3)
002960.png (1356,2040,3)
002961.png (1188,2040,3)
002962.png (2040,1716,3)
002963.png (2040,1356,3)
002964.png (1356,2040,3)
002965.png (1200,2040,3)
002966.png (1332,2040,3)
002967.png (1356,2040,3)
002968.png (1356,2040,3)
002969.png (1356,2040,3)
002970.png (1356,2040,3)
002971.png (1356,2040,3)
002972.png (1644,2040,3)
002973.png (1356,2040,3)
002974.png (2040,1356,3)
002975.png (1356,2040,3)
002976.png (1356,2040,3)
002977.png (1152,2040,3)
002978.png (1356,2040,3)
002979.png (2040,1356,3)
002980.png (1140,2040,3)
002981.png (2040,1356,3)
002982.png (1224,2040,3)
002983.png (1356,2040,3)
002984.png (1356,2040,3)
002985.png (1272,2040,3)
002986.png (1356,2040,3)
002987.png (2040,1632,3)
002988.png (1356,2040,3)
002989.png (1356,2040,3)
002990.png (744,2040,3)
002991.png (1440,2040,3)
002992.png (1356,2040,3)
002993.png (1200,2040,3)
002994.png (2040,1356,3)
002995.png (1356,2040,3)
002996.png (1356,2040,3)
002997.png (1800,2040,3)
002998.png (1260,2040,3)
002999.png (1392,2040,3)
003000.png (2040,1116,3)
003001.png (1356,2040,3)
003002.png (888,2040,3)
003003.png (1536,2040,3)
003004.png (1356,2040,3)
003005.png (1356,2040,3)
003006.png (1272,2040,3)
003007.png (1176,2040,3)
003008.png (1356,2040,3)
003009.png (1356,2040,3)
003010.png (2004,2040,3)
003011.png (2040,1536,3)
003012.png (1464,2040,3)
003013.png (1356,2040,3)
003014.png (1356,2040,3)
003015.png (1212,2040,3)
003016.png (1356,2040,3)
003017.png (1356,2040,3)
003018.png (1356,2040,3)
003019.png (1356,2040,3)
003020.png (1356,2040,3)
003021.png (1356,2040,3)
003022.png (1140,2040,3)
003023.png (2040,1356,3)
003024.png (2040,1632,3)
003025.png (2040,1356,3)
003026.png (1356,2040,3)
003027.png (1356,2040,3)
003028.png (1536,2040,3)
003029.png (1368,2040,3)
003030.png (1272,2040,3)
003031.png (1452,2040,3)
003032.png (1356,2040,3)
003033.png (1512,2040,3)
003034.png (1356,2040,3)
003035.png (2040,1440,3)
003036.png (1356,2040,3)
003037.png (972,2040,3)
003038.png (1356,2040,3)
003039.png (1356,2040,3)
003040.png (1308,2040,3)
003041.png (1356,2040,3)
003042.png (1152,2040,3)
003043.png (1356,2040,3)
003044.png (1536,2040,3)
003045.png (1356,2040,3)
003046.png (1356,2040,3)
003047.png (1260,2040,3)
003048.png (1356,2040,3)
003049.png (2040,1356,3)
003050.png (1284,2040,3)
003051.png (1356,2040,3)
003052.png (1356,2040,3)
003053.png (1356,2040,3)
003054.png (1632,2040,3)
003055.png (1356,2040,3)
003056.png (2040,1356,3)
003057.png (1356,2040,3)
003058.png (1464,2040,3)
003059.png (1368,2040,3)
003060.png (2040,1356,3)
003061.png (1260,2040,3)
003062.png (1356,2040,3)
003063.png (1368,2040,3)
003064.png (2040,1356,3)
003065.png (2040,1356,3)
003066.png (1356,2040,3)
003067.png (1356,2040,3)
003068.png (1356,2040,3)
003069.png (1536,2040,3)
003070.png (2040,1536,3)
003071.png (2040,1524,3)
003072.png (2040,1356,3)
003073.png (1356,2040,3)
003074.png (1356,2040,3)
003075.png (1356,2040,3)
003076.png (1164,2040,3)
003077.png (1356,2040,3)
003078.png (1356,2040,3)
003079.png (1536,2040,3)
003080.png (1368,2040,3)
003081.png (1356,2040,3)
003082.png (1356,2040,3)
003083.png (1356,2040,3)
003084.png (1224,2040,3)
003085.png (1356,2040,3)
003086.png (1356,2040,3)
003087.png (648,2040,3)
003088.png (1356,2040,3)
003089.png (1392,2040,3)
003090.png (1356,2040,3)
003091.png (1188,2040,3)
003092.png (1356,2040,3)
003093.png (1356,2040,3)
003094.png (1356,2040,3)
003095.png (1356,2040,3)
003096.png (1356,2040,3)
003097.png (1692,2040,3)
003098.png (1536,2040,3)
003099.png (2040,1368,3)
003100.png (2040,2040,3)
003101.png (2040,1356,3)
003102.png (1428,2040,3)
003103.png (1536,2040,3)
003104.png (1356,2040,3)
003105.png (1128,2040,3)
003106.png (1356,2040,3)
003107.png (2040,1164,3)
003108.png (1356,2040,3)
003109.png (1356,2040,3)
003110.png (2040,1944,3)
003111.png (2040,1440,3)
003112.png (1356,2040,3)
003113.png (1368,2040,3)
003114.png (1356,2040,3)
003115.png (1152,2040,3)
003116.png (1356,2040,3)
003117.png (2040,1356,3)
003118.png (1356,2040,3)
003119.png (2040,1356,3)
003120.png (1356,2040,3)
003121.png (1356,2040,3)
003122.png (1356,2040,3)
003123.png (1356,2040,3)
003124.png (1356,2040,3)
003125.png (1356,2040,3)
003126.png (1452,2040,3)
003127.png (1356,2040,3)
003128.png (1356,2040,3)
003129.png (1356,2040,3)
003130.png (1356,2040,3)
003131.png (1368,2040,3)
003132.png (1488,2040,3)
003133.png (1356,2040,3)
003134.png (1356,2040,3)
003135.png (1356,2040,3)
003136.png (1536,2040,3)
003137.png (1356,2040,3)
003138.png (2040,1356,3)
003139.png (1536,2040,3)
003140.png (1356,2040,3)
003141.png (1368,2040,3)
003142.png (1356,2040,3)
003143.png (1356,2040,3)
003144.png (1356,2040,3)
003145.png (1356,2040,3)
003146.png (1356,2040,3)
003147.png (1356,2040,3)
003148.png (1356,2040,3)
003149.png (1356,2040,3)
003150.png (2040,2040,3)
003151.png (1356,2040,3)
003152.png (1356,2040,3)
003153.png (1356,2040,3)
003154.png (1356,2040,3)
003155.png (1140,2040,3)
003156.png (1356,2040,3)
003157.png (1356,2040,3)
003158.png (2040,1368,3)
003159.png (1368,2040,3)
003160.png (1356,2040,3)
003161.png (1152,2040,3)
003162.png (1452,2040,3)
003163.png (2040,2040,3)
003164.png (1368,2040,3)
003165.png (1356,2040,3)
003166.png (1536,2040,3)
003167.png (1536,2040,3)
003168.png (960,2040,3)
003169.png (1356,2040,3)
003170.png (1356,2040,3)
003171.png (2040,1368,3)
003172.png (2040,1356,3)
003173.png (888,2040,3)
003174.png (1356,2040,3)
003175.png (1356,2040,3)
003176.png (1356,2040,3)
003177.png (1044,2040,3)
003178.png (1536,2040,3)
003179.png (1356,2040,3)
003180.png (1356,2040,3)
003181.png (1536,2040,3)
003182.png (2040,1356,3)
003183.png (1356,2040,3)
003184.png (1224,2040,3)
003185.png (1284,2040,3)
003186.png (1356,2040,3)
003187.png (1356,2040,3)
003188.png (1356,2040,3)
003189.png (1368,2040,3)
003190.png (1356,2040,3)
003191.png (1368,2040,3)
003192.png (1140,2040,3)
003193.png (2040,1356,3)
003194.png (1356,2040,3)
003195.png (2040,1992,3)
003196.png (1536,2040,3)
003197.png (1152,2040,3)
003198.png (1356,2040,3)
003199.png (1356,2040,3)
003200.png (1224,2040,3)
003201.png (1356,2040,3)
003202.png (1356,2040,3)
003203.png (1356,2040,3)
003204.png (1332,2040,3)
003205.png (1356,2040,3)
003206.png (1356,2040,3)
003207.png (1152,2040,3)
003208.png (1356,2040,3)
003209.png (1536,2040,3)
003210.png (1092,2040,3)
003211.png (1176,2040,3)
003212.png (1356,2040,3)
003213.png (1356,2040,3)
003214.png (1608,2040,3)
003215.png (2040,1356,3)
003216.png (1368,2040,3)
003217.png (1356,2040,3)
003218.png (2040,1824,3)
003219.png (1356,2040,3)
003220.png (1356,2040,3)
003221.png (1356,2040,3)
003222.png (1356,2040,3)
003223.png (1356,2040,3)
003224.png (1332,2040,3)
003225.png (1356,2040,3)
003226.png (1356,2040,3)
003227.png (2040,1344,3)
003228.png (1248,2040,3)
003229.png (1152,2040,3)
003230.png (1344,2040,3)
003231.png (1068,2040,3)
003232.png (1356,2040,3)
003233.png (1188,2040,3)
003234.png (1356,2040,3)
003235.png (1248,2040,3)
003236.png (2040,1428,3)
003237.png (1368,2040,3)
003238.png (1356,2040,3)
003239.png (1356,2040,3)
003240.png (2040,1356,3)
003241.png (1212,2040,3)
003242.png (1356,2040,3)
003243.png (1356,2040,3)
003244.png (1356,2040,3)
003245.png (1428,2040,3)
003246.png (1356,2040,3)
003247.png (2040,1356,3)
003248.png (1356,2040,3)
003249.png (1356,2040,3)
003250.png (1536,2040,3)
003251.png (1356,2040,3)
003252.png (1356,2040,3)
003253.png (2040,1356,3)
003254.png (1356,2040,3)
003255.png (1428,2040,3)
003256.png (1356,2040,3)
003257.png (1356,2040,3)
003258.png (2040,1356,3)
003259.png (1356,2040,3)
003260.png (1440,2040,3)
003261.png (1356,2040,3)
003262.png (1188,2040,3)
003263.png (1584,2040,3)
003264.png (2040,1356,3)
003265.png (2040,1356,3)
003266.png (1368,2040,3)
003267.png (1356,2040,3)
003268.png (1356,2040,3)
003269.png (1524,2040,3)
003270.png (1356,2040,3)
003271.png (1356,2040,3)
003272.png (1452,2040,3)
003273.png (1356,2040,3)
003274.png (2040,1356,3)
003275.png (2040,1356,3)
003276.png (1356,2040,3)
003277.png (864,2040,3)
003278.png (2040,1632,3)
003279.png (1464,2040,3)
003280.png (1356,2040,3)
003281.png (1356,2040,3)
003282.png (1356,2040,3)
003283.png (1356,2040,3)
003284.png (1356,2040,3)
003285.png (1368,2040,3)
003286.png (1356,2040,3)
003287.png (1536,2040,3)
003288.png (1356,2040,3)
003289.png (1356,2040,3)
003290.png (1356,2040,3)
003291.png (1356,2040,3)
003292.png (1356,2040,3)
003293.png (1536,2040,3)
003294.png (1356,2040,3)
003295.png (1356,2040,3)
003296.png (1476,2040,3)
003297.png (1356,2040,3)
003298.png (1356,2040,3)
003299.png (1536,2040,3)
003300.png (1452,2040,3)
003301.png (1224,2040,3)
003302.png (1356,2040,3)
003303.png (1584,2040,3)
003304.png (1344,2040,3)
003305.png (1356,2040,3)
003306.png (1320,2040,3)
003307.png (1536,2040,3)
003308.png (1356,2040,3)
003309.png (1356,2040,3)
003310.png (1356,2040,3)
003311.png (1296,2040,3)
003312.png (1356,2040,3)
003313.png (1356,2040,3)
003314.png (1632,2040,3)
003315.png (1356,2040,3)
003316.png (2040,1476,3)
003317.png (1356,2040,3)
003318.png (1356,2040,3)
003319.png (1536,2040,3)
003320.png (2040,1356,3)
003321.png (1356,2040,3)
003322.png (1308,2040,3)
003323.png (1152,2040,3)
003324.png (1356,2040,3)
003325.png (1356,2040,3)
003326.png (1344,2040,3)
003327.png (1380,2040,3)
003328.png (1452,2040,3)
003329.png (1464,2040,3)
003330.png (1212,2040,3)
003331.png (1356,2040,3)
003332.png (1368,2040,3)
003333.png (1356,2040,3)
003334.png (1356,2040,3)
003335.png (1080,2040,3)
003336.png (1356,2040,3)
003337.png (1536,2040,3)
003338.png (1356,2040,3)
003339.png (1356,2040,3)
003340.png (2040,1356,3)
003341.png (1356,2040,3)
003342.png (1356,2040,3)
003343.png (1536,2040,3)
003344.png (2040,1356,3)
003345.png (1356,2040,3)
003346.png (2040,1356,3)
003347.png (1356,2040,3)
003348.png (2040,1968,3)
003349.png (2040,1572,3)
003350.png (1728,2040,3)
003351.png (1344,2040,3)
003352.png (1320,2040,3)
003353.png (2040,1356,3)
003354.png (1356,2040,3)
003355.png (1356,2040,3)
003356.png (1368,2040,3)
003357.png (1356,2040,3)
003358.png (1356,2040,3)
003359.png (1356,2040,3)
003360.png (936,2040,3)
003361.png (1536,2040,3)
003362.png (1788,2040,3)
003363.png (1344,2040,3)
003364.png (1524,2040,3)
003365.png (1332,2040,3)
003366.png (2040,2040,3)
003367.png (1356,2040,3)
003368.png (1356,2040,3)
003369.png (1356,2040,3)
003370.png (1356,2040,3)
003371.png (1356,2040,3)
003372.png (1356,2040,3)
003373.png (1356,2040,3)
003374.png (2040,1356,3)
003375.png (1356,2040,3)
003376.png (1152,2040,3)
003377.png (1356,2040,3)
003378.png (1368,2040,3)
003379.png (1356,2040,3)
003380.png (1356,2040,3)
003381.png (1356,2040,3)
003382.png (1536,2040,3)
003383.png (1308,2040,3)
003384.png (2040,1356,3)
003385.png (1536,2040,3)
003386.png (1452,2040,3)
003387.png (1356,2040,3)
003388.png (1356,2040,3)
003389.png (1356,2040,3)
003390.png (1356,2040,3)
003391.png (2040,1320,3)
003392.png (1356,2040,3)
003393.png (1356,2040,3)
003394.png (1584,2040,3)
003395.png (1140,2040,3)
003396.png (1356,2040,3)
003397.png (1464,2040,3)
003398.png (1536,2040,3)
003399.png (1332,2040,3)
003400.png (1356,2040,3)
003401.png (1356,2040,3)
003402.png (2040,1176,3)
003403.png (1536,2040,3)
003404.png (1356,2040,3)
003405.png (1356,2040,3)
003406.png (1356,2040,3)
003407.png (2040,1428,3)
003408.png (1356,2040,3)
003409.png (1356,2040,3)
003410.png (2040,1356,3)
003411.png (1440,2040,3)
003412.png (1296,2040,3)
003413.png (1536,2040,3)
003414.png (1344,2040,3)
003415.png (1356,2040,3)
003416.png (1356,2040,3)
003417.png (1572,2040,3)
003418.png (1356,2040,3)
003419.png (1356,2040,3)
003420.png (1356,2040,3)
003421.png (1356,2040,3)
003422.png (1356,2040,3)
003423.png (1356,2040,3)
003424.png (1356,2040,3)
003425.png (1356,2040,3)
003426.png (1536,2040,3)
003427.png (1536,2040,3)
003428.png (1356,2040,3)
003429.png (1356,2040,3)
003430.png (1356,2040,3)
003431.png (1356,2040,3)
003432.png (2040,1632,3)
003433.png (1368,2040,3)
003434.png (1356,2040,3)
003435.png (1224,2040,3)
003436.png (1356,2040,3)
003437.png (1356,2040,3)
003438.png (1356,2040,3)
003439.png (1260,2040,3)
003440.png (1356,2040,3)
003441.png (1356,2040,3)
003442.png (1356,2040,3)
003443.png (1488,2040,3)
003444.png (1272,2040,3)
003445.png (1152,2040,3)
003446.png (1356,2040,3)
003447.png (1416,2040,3)
003448.png (1356,2040,3)
003449.png (1356,2040,3)
003450.png (1332,2040,3)
