0001.png (1404,2040,3)
0002.png (1848,2040,3)
0003.png (1356,2040,3)
0004.png (1344,2040,3)
0005.png (2040,1608,3)
0006.png (2040,1356,3)
0007.png (1356,2040,3)
0008.png (1356,2040,3)
0009.png (1524,2040,3)
0010.png (1644,2040,3)
0011.png (1356,2040,3)
0012.png (1356,2040,3)
0013.png (1368,2040,3)
0014.png (2040,1356,3)
0015.png (1356,2040,3)
0016.png (1356,2040,3)
0017.png (1356,2040,3)
0018.png (1368,2040,3)
0019.png (1536,2040,3)
0020.png (1392,2040,3)
0021.png (768,2040,3)
0022.png (960,2040,3)
0023.png (1356,2040,3)
0024.png (1356,2040,3)
0025.png (2040,1140,3)
0026.png (1536,2040,3)
0027.png (1548,2040,3)
0028.png (1992,2040,3)
0029.png (1356,2040,3)
0030.png (1272,2040,3)
0031.png (1356,2040,3)
0032.png (1356,2040,3)
0033.png (1356,2040,3)
0034.png (1356,2040,3)
0035.png (1356,2040,3)
0036.png (1536,2040,3)
0037.png (1356,2040,3)
0038.png (1224,2040,3)
0039.png (1356,2040,3)
0040.png (1356,2040,3)
0041.png (1356,2040,3)
0042.png (1356,2040,3)
0043.png (1356,2040,3)
0044.png (2040,2040,3)
0045.png (1140,2040,3)
0046.png (2040,1356,3)
0047.png (1356,2040,3)
0048.png (1356,2040,3)
0049.png (1356,2040,3)
0050.png (1356,2040,3)
0051.png (1368,2040,3)
0052.png (1356,2040,3)
0053.png (1356,2040,3)
0054.png (1332,2040,3)
0055.png (1152,2040,3)
0056.png (1380,2040,3)
0057.png (1356,2040,3)
0058.png (1356,2040,3)
0059.png (2040,1644,3)
0060.png (1224,2040,3)
0061.png (2040,1284,3)
0062.png (1428,2040,3)
0063.png (1584,2040,3)
0064.png (1356,2040,3)
0065.png (1188,2040,3)
0066.png (1356,2040,3)
0067.png (1320,2040,3)
0068.png (1380,2040,3)
0069.png (2040,1248,3)
0070.png (1356,2040,3)
0071.png (2040,1356,3)
0072.png (1356,2040,3)
0073.png (1140,2040,3)
0074.png (1356,2040,3)
0075.png (1356,2040,3)
0076.png (1572,2040,3)
0077.png (1356,2040,3)
0078.png (1356,2040,3)
0079.png (1356,2040,3)
0080.png (1332,2040,3)
0081.png (1356,2040,3)
0082.png (1212,2040,3)
0083.png (1164,2040,3)
0084.png (1368,2040,3)
0085.png (1356,2040,3)
0086.png (1356,2040,3)
0087.png (1356,2040,3)
0088.png (1356,2040,3)
0089.png (2040,1536,3)
0090.png (1356,2040,3)
0091.png (1536,2040,3)
0092.png (1152,2040,3)
0093.png (1368,2040,3)
0094.png (1272,2040,3)
0095.png (1356,2040,3)
0096.png (1356,2040,3)
0097.png (1188,2040,3)
0098.png (1536,2040,3)
0099.png (1536,2040,3)
0100.png (1356,2040,3)
0101.png (1512,2040,3)
0102.png (1368,2040,3)
0103.png (1140,2040,3)
0104.png (1320,2040,3)
0105.png (1296,2040,3)
0106.png (1152,2040,3)
0107.png (1356,2040,3)
0108.png (1536,2040,3)
0109.png (1356,2040,3)
0110.png (1356,2040,3)
0111.png (1356,2040,3)
0112.png (2040,1356,3)
0113.png (1368,2040,3)
0114.png (2040,1368,3)
0115.png (1536,2040,3)
0116.png (1356,2040,3)
0117.png (1356,2040,3)
0118.png (1488,2040,3)
0119.png (2040,1356,3)
0120.png (1356,2040,3)
0121.png (1356,2040,3)
0122.png (960,2040,3)
0123.png (1536,2040,3)
0124.png (2040,1356,3)
0125.png (1356,2040,3)
0126.png (1464,2040,3)
0127.png (1356,2040,3)
0128.png (1284,2040,3)
0129.png (1356,2040,3)
0130.png (1356,2040,3)
0131.png (1356,2040,3)
0132.png (1296,2040,3)
0133.png (1356,2040,3)
0134.png (2040,1776,3)
0135.png (1344,2040,3)
0136.png (1356,2040,3)
0137.png (1332,2040,3)
0138.png (1356,2040,3)
0139.png (948,2040,3)
0140.png (1356,2040,3)
0141.png (1356,2040,3)
0142.png (1356,2040,3)
0143.png (1356,2040,3)
0144.png (1356,2040,3)
0145.png (732,2040,3)
0146.png (1356,2040,3)
0147.png (1656,2040,3)
0148.png (1356,2040,3)
0149.png (1752,2040,3)
0150.png (2040,1164,3)
0151.png (1356,2040,3)
0152.png (1356,2040,3)
0153.png (1356,2040,3)
0154.png (1356,2040,3)
0155.png (2040,2040,3)
0156.png (1356,2040,3)
0157.png (1356,2040,3)
0158.png (1224,2040,3)
0159.png (1356,2040,3)
0160.png (1356,2040,3)
0161.png (1260,2040,3)
0162.png (2040,1368,3)
0163.png (1356,2040,3)
0164.png (1356,2040,3)
0165.png (1356,2040,3)
0166.png (1356,2040,3)
0167.png (2040,1356,3)
0168.png (1356,2040,3)
0169.png (1356,2040,3)
0170.png (1152,2040,3)
0171.png (1536,2040,3)
0172.png (1260,2040,3)
0173.png (1356,2040,3)
0174.png (1308,2040,3)
0175.png (1068,2040,3)
0176.png (1644,2040,3)
0177.png (1356,2040,3)
0178.png (1356,2040,3)
0179.png (1356,2040,3)
0180.png (1356,2040,3)
0181.png (1536,2040,3)
0182.png (1248,2040,3)
0183.png (1356,2040,3)
0184.png (1356,2040,3)
0185.png (1152,2040,3)
0186.png (1356,2040,3)
0187.png (1356,2040,3)
0188.png (1548,2040,3)
0189.png (1356,2040,3)
0190.png (1356,2040,3)
0191.png (1152,2040,3)
0192.png (1452,2040,3)
0193.png (1356,2040,3)
0194.png (1356,2040,3)
0195.png (1356,2040,3)
0196.png (1356,2040,3)
0197.png (1356,2040,3)
0198.png (1356,2040,3)
0199.png (1548,2040,3)
0200.png (1356,2040,3)
0201.png (1536,2040,3)
0202.png (1356,2040,3)
0203.png (1356,2040,3)
0204.png (1260,2040,3)
0205.png (852,2040,3)
0206.png (1356,2040,3)
0207.png (1356,2040,3)
0208.png (1356,2040,3)
0209.png (1356,2040,3)
0210.png (1356,2040,3)
0211.png (1356,2040,3)
0212.png (1536,2040,3)
0213.png (1356,2040,3)
0214.png (1356,2040,3)
0215.png (1560,2040,3)
0216.png (1632,2040,3)
0217.png (2040,2040,3)
0218.png (1356,2040,3)
0219.png (1368,2040,3)
0220.png (1356,2040,3)
0221.png (1356,2040,3)
0222.png (1164,2040,3)
0223.png (1356,2040,3)
0224.png (1356,2040,3)
0225.png (1356,2040,3)
0226.png (1356,2040,3)
0227.png (2040,1356,3)
0228.png (1356,2040,3)
0229.png (1296,2040,3)
0230.png (1392,2040,3)
0231.png (1356,2040,3)
0232.png (1356,2040,3)
0233.png (1368,2040,3)
0234.png (1356,2040,3)
0235.png (1356,2040,3)
0236.png (1356,2040,3)
0237.png (1140,2040,3)
0238.png (2040,1296,3)
0239.png (1152,2040,3)
0240.png (1836,2040,3)
0241.png (1356,2040,3)
0242.png (1356,2040,3)
0243.png (780,2040,3)
0244.png (1536,2040,3)
0245.png (1536,2040,3)
0246.png (2040,1356,3)
0247.png (1356,2040,3)
0248.png (1356,2040,3)
0249.png (1356,2040,3)
0250.png (1356,2040,3)
0251.png (1356,2040,3)
0252.png (1356,2040,3)
0253.png (1356,2040,3)
0254.png (1356,2040,3)
0255.png (1356,2040,3)
0256.png (1356,2040,3)
0257.png (1356,2040,3)
0258.png (1356,2040,3)
0259.png (1296,2040,3)
0260.png (1356,2040,3)
0261.png (1356,2040,3)
0262.png (1356,2040,3)
0263.png (1332,2040,3)
0264.png (1356,2040,3)
0265.png (1356,2040,3)
0266.png (1356,2040,3)
0267.png (1356,2040,3)
0268.png (1356,2040,3)
0269.png (1632,2040,3)
0270.png (1356,2040,3)
0271.png (1536,2040,3)
0272.png (1188,2040,3)
0273.png (1356,2040,3)
0274.png (1356,2040,3)
0275.png (1356,2040,3)
0276.png (1356,2040,3)
0277.png (1356,2040,3)
0278.png (2040,1356,3)
0279.png (1356,2040,3)
0280.png (1152,2040,3)
0281.png (1152,2040,3)
0282.png (1356,2040,3)
0283.png (1356,2040,3)
0284.png (1356,2040,3)
0285.png (2040,1236,3)
0286.png (1536,2040,3)
0287.png (1356,2040,3)
0288.png (1356,2040,3)
0289.png (2040,1356,3)
0290.png (1356,2040,3)
0291.png (1260,2040,3)
0292.png (1356,2040,3)
0293.png (1152,2040,3)
0294.png (1356,2040,3)
0295.png (1356,2040,3)
0296.png (1356,2040,3)
0297.png (1344,2040,3)
0298.png (1224,2040,3)
0299.png (1392,2040,3)
0300.png (1320,2040,3)
0301.png (1356,2040,3)
0302.png (1356,2040,3)
0303.png (1356,2040,3)
0304.png (1224,2040,3)
0305.png (1356,2040,3)
0306.png (1356,2040,3)
0307.png (1356,2040,3)
0308.png (1356,2040,3)
0309.png (1356,2040,3)
0310.png (1356,2040,3)
0311.png (1188,2040,3)
0312.png (2040,1716,3)
0313.png (2040,1356,3)
0314.png (1356,2040,3)
0315.png (1200,2040,3)
0316.png (1332,2040,3)
0317.png (1356,2040,3)
0318.png (1356,2040,3)
0319.png (1356,2040,3)
0320.png (1356,2040,3)
0321.png (1356,2040,3)
0322.png (1644,2040,3)
0323.png (1356,2040,3)
0324.png (2040,1356,3)
0325.png (1356,2040,3)
0326.png (1356,2040,3)
0327.png (1152,2040,3)
0328.png (1356,2040,3)
0329.png (2040,1356,3)
0330.png (1140,2040,3)
0331.png (2040,1356,3)
0332.png (1224,2040,3)
0333.png (1356,2040,3)
0334.png (1356,2040,3)
0335.png (1272,2040,3)
0336.png (1356,2040,3)
0337.png (2040,1632,3)
0338.png (1356,2040,3)
0339.png (1356,2040,3)
0340.png (744,2040,3)
0341.png (1440,2040,3)
0342.png (1356,2040,3)
0343.png (1200,2040,3)
0344.png (2040,1356,3)
0345.png (1356,2040,3)
0346.png (1356,2040,3)
0347.png (1800,2040,3)
0348.png (1260,2040,3)
0349.png (1392,2040,3)
0350.png (2040,1116,3)
0351.png (1356,2040,3)
0352.png (888,2040,3)
0353.png (1536,2040,3)
0354.png (1356,2040,3)
0355.png (1356,2040,3)
0356.png (1272,2040,3)
0357.png (1176,2040,3)
0358.png (1356,2040,3)
0359.png (1356,2040,3)
0360.png (2004,2040,3)
0361.png (2040,1536,3)
0362.png (1464,2040,3)
0363.png (1356,2040,3)
0364.png (1356,2040,3)
0365.png (1212,2040,3)
0366.png (1356,2040,3)
0367.png (1356,2040,3)
0368.png (1356,2040,3)
0369.png (1356,2040,3)
0370.png (1356,2040,3)
0371.png (1356,2040,3)
0372.png (1140,2040,3)
0373.png (2040,1356,3)
0374.png (2040,1632,3)
0375.png (2040,1356,3)
0376.png (1356,2040,3)
0377.png (1356,2040,3)
0378.png (1536,2040,3)
0379.png (1368,2040,3)
0380.png (1272,2040,3)
0381.png (1452,2040,3)
0382.png (1356,2040,3)
0383.png (1512,2040,3)
0384.png (1356,2040,3)
0385.png (2040,1440,3)
0386.png (1356,2040,3)
0387.png (972,2040,3)
0388.png (1356,2040,3)
0389.png (1356,2040,3)
0390.png (1308,2040,3)
0391.png (1356,2040,3)
0392.png (1152,2040,3)
0393.png (1356,2040,3)
0394.png (1536,2040,3)
0395.png (1356,2040,3)
0396.png (1356,2040,3)
0397.png (1260,2040,3)
0398.png (1356,2040,3)
0399.png (2040,1356,3)
0400.png (1284,2040,3)
0401.png (1356,2040,3)
0402.png (1356,2040,3)
0403.png (1356,2040,3)
0404.png (1632,2040,3)
0405.png (1356,2040,3)
0406.png (2040,1356,3)
0407.png (1356,2040,3)
0408.png (1464,2040,3)
0409.png (1368,2040,3)
0410.png (2040,1356,3)
0411.png (1260,2040,3)
0412.png (1356,2040,3)
0413.png (1368,2040,3)
0414.png (2040,1356,3)
0415.png (2040,1356,3)
0416.png (1356,2040,3)
0417.png (1356,2040,3)
0418.png (1356,2040,3)
0419.png (1536,2040,3)
0420.png (2040,1536,3)
0421.png (2040,1524,3)
0422.png (2040,1356,3)
0423.png (1356,2040,3)
0424.png (1356,2040,3)
0425.png (1356,2040,3)
0426.png (1164,2040,3)
0427.png (1356,2040,3)
0428.png (1356,2040,3)
0429.png (1536,2040,3)
0430.png (1368,2040,3)
0431.png (1356,2040,3)
0432.png (1356,2040,3)
0433.png (1356,2040,3)
0434.png (1224,2040,3)
0435.png (1356,2040,3)
0436.png (1356,2040,3)
0437.png (648,2040,3)
0438.png (1356,2040,3)
0439.png (1392,2040,3)
0440.png (1356,2040,3)
0441.png (1188,2040,3)
0442.png (1356,2040,3)
0443.png (1356,2040,3)
0444.png (1356,2040,3)
0445.png (1356,2040,3)
0446.png (1356,2040,3)
0447.png (1692,2040,3)
0448.png (1536,2040,3)
0449.png (2040,1368,3)
0450.png (2040,2040,3)
0451.png (2040,1356,3)
0452.png (1428,2040,3)
0453.png (1536,2040,3)
0454.png (1356,2040,3)
0455.png (1128,2040,3)
0456.png (1356,2040,3)
0457.png (2040,1164,3)
0458.png (1356,2040,3)
0459.png (1356,2040,3)
0460.png (2040,1944,3)
0461.png (2040,1440,3)
0462.png (1356,2040,3)
0463.png (1368,2040,3)
0464.png (1356,2040,3)
0465.png (1152,2040,3)
0466.png (1356,2040,3)
0467.png (2040,1356,3)
0468.png (1356,2040,3)
0469.png (2040,1356,3)
0470.png (1356,2040,3)
0471.png (1356,2040,3)
0472.png (1356,2040,3)
0473.png (1356,2040,3)
0474.png (1356,2040,3)
0475.png (1356,2040,3)
0476.png (1452,2040,3)
0477.png (1356,2040,3)
0478.png (1356,2040,3)
0479.png (1356,2040,3)
0480.png (1356,2040,3)
0481.png (1368,2040,3)
0482.png (1488,2040,3)
0483.png (1356,2040,3)
0484.png (1356,2040,3)
0485.png (1356,2040,3)
0486.png (1536,2040,3)
0487.png (1356,2040,3)
0488.png (2040,1356,3)
0489.png (1536,2040,3)
0490.png (1356,2040,3)
0491.png (1368,2040,3)
0492.png (1356,2040,3)
0493.png (1356,2040,3)
0494.png (1356,2040,3)
0495.png (1356,2040,3)
0496.png (1356,2040,3)
0497.png (1356,2040,3)
0498.png (1356,2040,3)
0499.png (1356,2040,3)
0500.png (2040,2040,3)
0501.png (1356,2040,3)
0502.png (1356,2040,3)
0503.png (1356,2040,3)
0504.png (1356,2040,3)
0505.png (1140,2040,3)
0506.png (1356,2040,3)
0507.png (1356,2040,3)
0508.png (2040,1368,3)
0509.png (1368,2040,3)
0510.png (1356,2040,3)
0511.png (1152,2040,3)
0512.png (1452,2040,3)
0513.png (2040,2040,3)
0514.png (1368,2040,3)
0515.png (1356,2040,3)
0516.png (1536,2040,3)
0517.png (1536,2040,3)
0518.png (960,2040,3)
0519.png (1356,2040,3)
0520.png (1356,2040,3)
0521.png (2040,1368,3)
0522.png (2040,1356,3)
0523.png (888,2040,3)
0524.png (1356,2040,3)
0525.png (1356,2040,3)
0526.png (1356,2040,3)
0527.png (1044,2040,3)
0528.png (1536,2040,3)
0529.png (1356,2040,3)
0530.png (1356,2040,3)
0531.png (1536,2040,3)
0532.png (2040,1356,3)
0533.png (1356,2040,3)
0534.png (1224,2040,3)
0535.png (1284,2040,3)
0536.png (1356,2040,3)
0537.png (1356,2040,3)
0538.png (1356,2040,3)
0539.png (1368,2040,3)
0540.png (1356,2040,3)
0541.png (1368,2040,3)
0542.png (1140,2040,3)
0543.png (2040,1356,3)
0544.png (1356,2040,3)
0545.png (2040,1992,3)
0546.png (1536,2040,3)
0547.png (1152,2040,3)
0548.png (1356,2040,3)
0549.png (1356,2040,3)
0550.png (1224,2040,3)
0551.png (1356,2040,3)
0552.png (1356,2040,3)
0553.png (1356,2040,3)
0554.png (1332,2040,3)
0555.png (1356,2040,3)
0556.png (1356,2040,3)
0557.png (1152,2040,3)
0558.png (1356,2040,3)
0559.png (1536,2040,3)
0560.png (1092,2040,3)
0561.png (1176,2040,3)
0562.png (1356,2040,3)
0563.png (1356,2040,3)
0564.png (1608,2040,3)
0565.png (2040,1356,3)
0566.png (1368,2040,3)
0567.png (1356,2040,3)
0568.png (2040,1824,3)
0569.png (1356,2040,3)
0570.png (1356,2040,3)
0571.png (1356,2040,3)
0572.png (1356,2040,3)
0573.png (1356,2040,3)
0574.png (1332,2040,3)
0575.png (1356,2040,3)
0576.png (1356,2040,3)
0577.png (2040,1344,3)
0578.png (1248,2040,3)
0579.png (1152,2040,3)
0580.png (1344,2040,3)
0581.png (1068,2040,3)
0582.png (1356,2040,3)
0583.png (1188,2040,3)
0584.png (1356,2040,3)
0585.png (1248,2040,3)
0586.png (2040,1428,3)
0587.png (1368,2040,3)
0588.png (1356,2040,3)
0589.png (1356,2040,3)
0590.png (2040,1356,3)
0591.png (1212,2040,3)
0592.png (1356,2040,3)
0593.png (1356,2040,3)
0594.png (1356,2040,3)
0595.png (1428,2040,3)
0596.png (1356,2040,3)
0597.png (2040,1356,3)
0598.png (1356,2040,3)
0599.png (1356,2040,3)
0600.png (1536,2040,3)
0601.png (1356,2040,3)
0602.png (1356,2040,3)
0603.png (2040,1356,3)
0604.png (1356,2040,3)
0605.png (1428,2040,3)
0606.png (1356,2040,3)
0607.png (1356,2040,3)
0608.png (2040,1356,3)
0609.png (1356,2040,3)
0610.png (1440,2040,3)
0611.png (1356,2040,3)
0612.png (1188,2040,3)
0613.png (1584,2040,3)
0614.png (2040,1356,3)
0615.png (2040,1356,3)
0616.png (1368,2040,3)
0617.png (1356,2040,3)
0618.png (1356,2040,3)
0619.png (1524,2040,3)
0620.png (1356,2040,3)
0621.png (1356,2040,3)
0622.png (1452,2040,3)
0623.png (1356,2040,3)
0624.png (2040,1356,3)
0625.png (2040,1356,3)
0626.png (1356,2040,3)
0627.png (864,2040,3)
0628.png (2040,1632,3)
0629.png (1464,2040,3)
0630.png (1356,2040,3)
0631.png (1356,2040,3)
0632.png (1356,2040,3)
0633.png (1356,2040,3)
0634.png (1356,2040,3)
0635.png (1368,2040,3)
0636.png (1356,2040,3)
0637.png (1536,2040,3)
0638.png (1356,2040,3)
0639.png (1356,2040,3)
0640.png (1356,2040,3)
0641.png (1356,2040,3)
0642.png (1356,2040,3)
0643.png (1536,2040,3)
0644.png (1356,2040,3)
0645.png (1356,2040,3)
0646.png (1476,2040,3)
0647.png (1356,2040,3)
0648.png (1356,2040,3)
0649.png (1536,2040,3)
0650.png (1452,2040,3)
0651.png (1224,2040,3)
0652.png (1356,2040,3)
0653.png (1584,2040,3)
0654.png (1344,2040,3)
0655.png (1356,2040,3)
0656.png (1320,2040,3)
0657.png (1536,2040,3)
0658.png (1356,2040,3)
0659.png (1356,2040,3)
0660.png (1356,2040,3)
0661.png (1296,2040,3)
0662.png (1356,2040,3)
0663.png (1356,2040,3)
0664.png (1632,2040,3)
0665.png (1356,2040,3)
0666.png (2040,1476,3)
0667.png (1356,2040,3)
0668.png (1356,2040,3)
0669.png (1536,2040,3)
0670.png (2040,1356,3)
0671.png (1356,2040,3)
0672.png (1308,2040,3)
0673.png (1152,2040,3)
0674.png (1356,2040,3)
0675.png (1356,2040,3)
0676.png (1344,2040,3)
0677.png (1380,2040,3)
0678.png (1452,2040,3)
0679.png (1464,2040,3)
0680.png (1212,2040,3)
0681.png (1356,2040,3)
0682.png (1368,2040,3)
0683.png (1356,2040,3)
0684.png (1356,2040,3)
0685.png (1080,2040,3)
0686.png (1356,2040,3)
0687.png (1536,2040,3)
0688.png (1356,2040,3)
0689.png (1356,2040,3)
0690.png (2040,1356,3)
0691.png (1356,2040,3)
0692.png (1356,2040,3)
0693.png (1536,2040,3)
0694.png (2040,1356,3)
0695.png (1356,2040,3)
0696.png (2040,1356,3)
0697.png (1356,2040,3)
0698.png (2040,1968,3)
0699.png (2040,1572,3)
0700.png (1728,2040,3)
0701.png (1344,2040,3)
0702.png (1320,2040,3)
0703.png (2040,1356,3)
0704.png (1356,2040,3)
0705.png (1356,2040,3)
0706.png (1368,2040,3)
0707.png (1356,2040,3)
0708.png (1356,2040,3)
0709.png (1356,2040,3)
0710.png (936,2040,3)
0711.png (1536,2040,3)
0712.png (1788,2040,3)
0713.png (1344,2040,3)
0714.png (1524,2040,3)
0715.png (1332,2040,3)
0716.png (2040,2040,3)
0717.png (1356,2040,3)
0718.png (1356,2040,3)
0719.png (1356,2040,3)
0720.png (1356,2040,3)
0721.png (1356,2040,3)
0722.png (1356,2040,3)
0723.png (1356,2040,3)
0724.png (2040,1356,3)
0725.png (1356,2040,3)
0726.png (1152,2040,3)
0727.png (1356,2040,3)
0728.png (1368,2040,3)
0729.png (1356,2040,3)
0730.png (1356,2040,3)
0731.png (1356,2040,3)
0732.png (1536,2040,3)
0733.png (1308,2040,3)
0734.png (2040,1356,3)
0735.png (1536,2040,3)
0736.png (1452,2040,3)
0737.png (1356,2040,3)
0738.png (1356,2040,3)
0739.png (1356,2040,3)
0740.png (1356,2040,3)
0741.png (2040,1320,3)
0742.png (1356,2040,3)
0743.png (1356,2040,3)
0744.png (1584,2040,3)
0745.png (1140,2040,3)
0746.png (1356,2040,3)
0747.png (1464,2040,3)
0748.png (1536,2040,3)
0749.png (1332,2040,3)
0750.png (1356,2040,3)
0751.png (1356,2040,3)
0752.png (2040,1176,3)
0753.png (1536,2040,3)
0754.png (1356,2040,3)
0755.png (1356,2040,3)
0756.png (1356,2040,3)
0757.png (2040,1428,3)
0758.png (1356,2040,3)
0759.png (1356,2040,3)
0760.png (2040,1356,3)
0761.png (1440,2040,3)
0762.png (1296,2040,3)
0763.png (1536,2040,3)
0764.png (1344,2040,3)
0765.png (1356,2040,3)
0766.png (1356,2040,3)
0767.png (1572,2040,3)
0768.png (1356,2040,3)
0769.png (1356,2040,3)
0770.png (1356,2040,3)
0771.png (1356,2040,3)
0772.png (1356,2040,3)
0773.png (1356,2040,3)
0774.png (1356,2040,3)
0775.png (1356,2040,3)
0776.png (1536,2040,3)
0777.png (1536,2040,3)
0778.png (1356,2040,3)
0779.png (1356,2040,3)
0780.png (1356,2040,3)
0781.png (1356,2040,3)
0782.png (2040,1632,3)
0783.png (1368,2040,3)
0784.png (1356,2040,3)
0785.png (1224,2040,3)
0786.png (1356,2040,3)
0787.png (1356,2040,3)
0788.png (1356,2040,3)
0789.png (1260,2040,3)
0790.png (1356,2040,3)
0791.png (1356,2040,3)
0792.png (1356,2040,3)
0793.png (1488,2040,3)
0794.png (1272,2040,3)
0795.png (1152,2040,3)
0796.png (1356,2040,3)
0797.png (1416,2040,3)
0798.png (1356,2040,3)
0799.png (1356,2040,3)
0800.png (1332,2040,3)
